Mob-VG calculated with IGZO.TOKYO
101 8 8
gate bias
ulin_253K
ulin_273K
ulin_300K
ulin_313K
ulin_333K
ulin_358K
ulin_393K
-5 -4.38935e-08 -2.07741e-07 4.22459e-08 -9.71983e-13 -8.11341e-08 9.20928e-08 -3.52369e-07
-4.75 -5.3299e-08 -1.09243e-07 5.91429e-08 -4.54999e-08 2.53547e-07 5.75573e-08 -6.77641e-08
-4.5 6.58398e-08 -8.95406e-09 -4.22478e-09 -2.27492e-08 6.08505e-08 1.38137e-07 1.49079e-07
-4.25 5.01636e-08 7.87982e-08 -7.18165e-08 9.10042e-09 -3.14397e-07 1.15116e-07 2.71058e-08
-4 -8.62188e-08 -3.76085e-08 -1.26733e-08 5.91491e-08 -2.02829e-08 -1.95695e-07 -6.77641e-08
-3.75 -2.0379e-08 -3.40264e-08 3.80209e-08 -6.82509e-08 1.31844e-07 -9.20919e-08 -1.49077e-07
-3.5 4.8596e-08 7.87982e-08 2.95709e-08 -1.36499e-07 -2.02849e-08 4.94997e-07 -5.42093e-08
-3.25 -1.41085e-08 -6.26805e-08 8.87135e-08 1.36503e-08 -1.11561e-07 -2.01997e-12 4.06559e-08
-3 -4.54607e-08 -4.29805e-08 -5.49171e-08 4.54979e-09 -2.02833e-08 -2.87789e-07 2.71055e-07
-2.75 4.54608e-08 6.62623e-08 -6.75913e-08 1.274e-07 1.01419e-07 1.15126e-08 4.20136e-07
-2.5 5.01635e-08 -4.2981e-08 6.75905e-08 7.73504e-08 1.01415e-08 -1.03604e-07 -6.77525e-08
-2.25 -2.35143e-08 -9.84977e-08 -1.26738e-08 2.275e-08 -4.05675e-08 1.15134e-08 1.76253e-07
-2 -4.7026e-09 9.31252e-08 -3.80195e-08 1.8655e-07 -1.01407e-08 9.20823e-08 2.57777e-07
-1.75 -3.76225e-08 1.03871e-07 7.18167e-08 -9.55498e-08 1.92696e-07 1.38177e-07 1.74923e-06
-1.5 -4.85961e-08 -8.59619e-08 3.802e-08 -2.50248e-07 1.01407e-07 3.33992e-07 5.32904e-06
-1.25 8.1516e-08 1.43265e-08 5.47911e-13 9.10396e-09 1.62306e-07 7.71722e-07 1.40759e-05
-1 3.44874e-08 5.37263e-09 3.37983e-08 7.73628e-08 3.14547e-07 3.62757e-06 4.27006e-05
-0.75 -3.29202e-08 -5.37263e-08 -1.1405e-07 6.83027e-08 1.50145e-06 1.20571e-05 0.000121416
-0.5 -4.38933e-08 8.95603e-09 2.02821e-07 1.01031e-06 5.94475e-06 3.86014e-05 0.000346309
-0.25 2.66494e-08 1.45068e-07 1.33092e-06 4.40073e-06 2.19632e-05 0.000130958 0.00101925
0 1.03465e-07 3.3314e-07 5.78851e-06 1.80764e-05 8.63411e-05 0.000457526 0.003125
0.25 5.64501e-08 2.14928e-06 2.94792e-05 8.50848e-05 0.000361099 0.00169062 0.0100291
0.5 1.68532e-06 1.5224e-05 0.000162497 0.00042972 0.00161359 0.0066222 0.0335876
0.75 1.65443e-05 0.000113613 0.000965807 0.00231956 0.00763381 0.0271027 0.11463
1 0.000165005 0.000914079 0.00604366 0.0130693 0.0370798 0.110873 0.373061
1.25 0.00172933 0.00753553 0.0376209 0.071828 0.169565 0.406941 1.0301
1.5 0.0174833 0.0572845 0.200775 0.327018 0.614987 1.14906 2.19115
1.75 0.134341 0.308801 0.726427 1.0084 1.538 2.3316 3.58654
2 0.55933 0.952592 1.65735 2.05323 2.71113 3.58234 4.82689
2.25 1.29247 1.83313 2.6579 3.08017 3.74757 4.59431 5.77003
2.5 2.03012 2.61333 3.4541 3.87233 4.52384 5.34024 6.464
2.75 2.60071 3.199 4.04281 4.45724 5.0981 5.89542 6.98633
3 3.03518 3.64478 4.49254 4.90523 5.53993 6.32513 7.39392
3.25 3.38347 4.00191 4.8531 5.26468 5.89495 6.67113 7.72312
3.5 3.67606 4.30093 5.15412 5.56448 6.19074 6.95913 7.99691
3.75 3.93044 4.55968 5.41333 5.82214 6.44429 7.20533 8.23018
4 4.15709 4.78905 5.6418 6.04871 6.6665 7.42027 8.43286
4.25 4.36268 4.99606 5.8468 6.25147 6.86463 7.61112 8.61181
4.5 4.55167 5.18545 6.03328 6.43546 7.04376 7.78291 8.77193
4.75 4.72717 5.36056 6.20477 6.60426 7.20751 7.93926 8.91679
5 4.89146 5.52382 6.36386 6.76049 7.35856 8.08288 9.04906
5.25 5.04621 5.67705 6.5125 6.90615 7.49893 8.21581 9.1708
5.5 5.19273 5.82165 6.65219 7.04276 7.63019 8.33966 9.28359
5.75 5.33203 5.95872 6.7841 7.17155 7.75359 8.45568 9.3887
6 5.46492 6.08915 6.90919 7.29347 7.87011 8.56488 9.48714
6.25 5.59207 6.21365 7.02822 7.40931 7.98057 8.66807 9.57975
6.5 5.71402 6.3328 7.14182 7.51971 8.08562 8.76595 9.6672
6.75 5.83124 6.44711 7.25052 7.62523 8.18582 8.85906 9.75007
7 5.94412 6.557 7.35478 7.72632 8.28164 8.94789 9.82882
7.25 6.053 6.66282 7.45496 7.82335 8.37347 9.03283 9.90387
7.5 6.15816 6.76489 7.55141 7.91668 8.46166 9.11424 9.97556
7.75 6.25986 6.86347 7.6444 8.00658 8.5465 9.1924 10.0442
8 6.35833 6.9588 7.73418 8.09332 8.62824 9.26759 10.11
8.25 6.45377 7.0511 7.82097 8.17711 8.70711 9.34002 10.1733
8.5 6.54636 7.14054 7.90498 8.25815 8.78332 9.4099 10.2341
8.75 6.63626 7.22731 7.98636 8.33662 8.85703 9.4774 10.2928
9 6.72363 7.31156 8.06529 8.41267 8.92841 9.54268 10.3494
9.25 6.80859 7.39341 8.14189 8.48645 8.9976 9.60589 10.4041
9.5 6.89127 7.47301 8.21631 8.55809 9.06472 9.66714 10.457
9.75 6.97179 7.55046 8.28864 8.62769 9.12989 9.72655 10.5083
10 7.05025 7.62587 8.35902 8.69537 9.19322 9.78423 10.558
10.25 7.12674 7.69934 8.42752 8.76123 9.25481 9.84027 10.6062
10.5 7.20136 7.77096 8.49424 8.82535 9.31473 9.89476 10.6529
10.75 7.27419 7.84082 8.55927 8.88782 9.37308 9.94777 10.6984
11 7.34532 7.90899 8.62268 8.94872 9.42993 9.99939 10.7426
11.25 7.41481 7.97556 8.68455 9.00811 9.48535 10.0497 10.7856
11.5 7.48273 8.04058 8.74494 9.06607 9.5394 10.0987 10.8275
11.75 7.54915 8.10412 8.80391 9.12265 9.59214 10.1465 10.8683
12 7.61413 8.16625 8.86153 9.17791 9.64363 10.1931 10.9081
12.25 7.67772 8.22701 8.91785 9.23191 9.69392 10.2386 10.9469
12.5 7.73999 8.28647 8.97292 9.2847 9.74307 10.2831 10.9847
12.75 7.80098 8.34467 9.02679 9.33633 9.79111 10.3265 11.0217
13 7.86074 8.40167 9.07951 9.38684 9.83809 10.369 11.0578
13.25 7.91932 8.4575 9.13112 9.43627 9.88406 10.4105 11.093
13.5 7.97676 8.51222 9.18167 9.48467 9.92904 10.4511 11.1275
13.75 8.0331 8.56586 9.23118 9.53207 9.97308 10.4908 11.1612
14 8.08838 8.61845 9.27971 9.57851 10.0162 10.5297 11.1942
14.25 8.14264 8.67005 9.32728 9.62402 10.0585 10.5678 11.2264
14.5 8.19591 8.72067 9.37392 9.66864 10.0999 10.6052 11.258
14.75 8.24824 8.77037 9.41968 9.71239 10.1405 10.6417 11.2889
15 8.29964 8.81916 9.46457 9.75531 10.1803 10.6776 11.3192
15.25 8.35015 8.86707 9.50864 9.79743 10.2193 10.7127 11.3489
15.5 8.39981 8.91415 9.5519 9.83877 10.2576 10.7472 11.378
15.75 8.44863 8.9604 9.59439 9.87935 10.2952 10.781 11.4066
16 8.49664 9.00587 9.63612 9.91921 10.3321 10.8142 11.4345
16.25 8.54388 9.05057 9.67712 9.95836 10.3684 10.8467 11.462
16.5 8.59036 9.09453 9.71742 9.99682 10.404 10.8787 11.4889
16.75 8.63611 9.13778 9.75703 10.0346 10.4389 10.9101 11.5154
17 8.68115 9.18032 9.79599 10.0718 10.4733 10.941 11.5413
17.25 8.7255 9.2222 9.8343 10.1083 10.5071 10.9713 11.5668
17.5 8.76918 9.26341 9.87198 10.1443 10.5403 11.001 11.5918
17.75 8.81222 9.30399 9.90907 10.1796 10.573 11.0303 11.6164
18 8.85462 9.34396 9.94556 10.2144 10.6051 11.0591 11.6406
18.25 8.89641 9.38333 9.98149 10.2486 10.6367 11.0874 11.6643
18.5 8.93761 9.42211 10.0169 10.2823 10.6678 11.1152 11.6877
18.75 8.97823 9.46033 10.0517 10.3155 10.6984 11.1426 11.7106
19 9.01829 9.498 10.086 10.3482 10.7285 11.1696 11.7332
19.25 9.05781 9.53513 10.1198 10.3803 10.7581 11.1961 11.7554
19.5 9.09679 9.57174 10.1531 10.412 10.7873 11.2222 11.7773
19.75 9.13526 9.60785 10.1859 10.4432 10.8161 11.2479 11.7988
20 9.15436 9.62578 10.2022 10.4587 10.8304 11.2607 11.8095
