v ATLAS
# This file was created by ATLAS version 5.26.1.R on Tue May  8 01:34:59 2018.
#SSF 2.0 generic
##############################################################################
#                    Copyright (c) 1984 - 2018                               #
#                    Silvaco Inc. All rights reserved                        #
#                                                                            #
# This file format and the following Key are copyright Silvaco Inc.          #
# You may not use, this format or key without reproducing this message in    #
# full and obtaining express written permission from Silvaco Inc.            #
#                                                                            #
# To obtain such permission please contact: Silvaco Inc.                     #
#                                           support@silvaco.com              #
#                                                                            #
# KEY=SVC86hn7562asdx                       PROD=345                         #
##############################################################################
p 7 210 76 75 205 79 78 206
d   3.100000e+00  1.000000e+19  1.500000e+17  1.015000e+19  1.810703e+08  1.642975e+14  1.642976e+14
d   3.100000e+00  1.000000e+19  1.500000e+17  1.015000e+19  1.810703e+08  1.642975e+14  1.642976e+14
d   3.084422e+00  1.426678e+18  1.499112e+17  1.576590e+18  2.061700e+08  2.287942e+14  2.287944e+14
d   3.084422e+00  1.426678e+18  1.499112e+17  1.576590e+18  2.061700e+08  2.287942e+14  2.287944e+14
d   3.068844e+00  2.035411e+17  1.496449e+17  3.531861e+17  2.347490e+08  3.159365e+14  3.159367e+14
d   3.068844e+00  2.035411e+17  1.496449e+17  3.531861e+17  2.347490e+08  3.159365e+14  3.159367e+14
d   3.053266e+00  2.903877e+16  1.492023e+17  1.782411e+17  2.672895e+08  4.326086e+14  4.326089e+14
d   3.053266e+00  2.903877e+16  1.492023e+17  1.782411e+17  2.672895e+08  4.326086e+14  4.326089e+14
d   3.037688e+00  4.142898e+15  1.485848e+17  1.527277e+17  3.043408e+08  5.873962e+14  5.873965e+14
d   3.037688e+00  4.142898e+15  1.485848e+17  1.527277e+17  3.043408e+08  5.873962e+14  5.873965e+14
d   3.022111e+00  5.910584e+14  1.477947e+17  1.483857e+17  3.465281e+08  7.908747e+14  7.908750e+14
d   3.022111e+00  5.910584e+14  1.477947e+17  1.483857e+17  3.465281e+08  7.908747e+14  7.908750e+14
d   3.006533e+00  8.432502e+13  1.468346e+17  1.469189e+17  3.945633e+08  1.055905e+15  1.055905e+15
d   3.006533e+00  8.432502e+13  1.468346e+17  1.469189e+17  3.945633e+08  1.055905e+15  1.055905e+15
d   2.990955e+00  1.203047e+13  1.457080e+17  1.457201e+17  4.492571e+08  1.397921e+15  1.397922e+15
d   2.990955e+00  1.203047e+13  1.457080e+17  1.457201e+17  4.492571e+08  1.397921e+15  1.397922e+15
d   2.975377e+00  1.716361e+12  1.444189e+17  1.444206e+17  5.115325e+08  1.835190e+15  1.835191e+15
d   2.975377e+00  1.716361e+12  1.444189e+17  1.444206e+17  5.115325e+08  1.835190e+15  1.835191e+15
d   2.959799e+00  2.448695e+11  1.429716e+17  1.429719e+17  5.824404e+08  2.389021e+15  2.389022e+15
d   2.959799e+00  2.448695e+11  1.429716e+17  1.429719e+17  5.824404e+08  2.389021e+15  2.389022e+15
d   2.944221e+00  3.493500e+10  1.413713e+17  1.413713e+17  6.631775e+08  3.083895e+15  3.083896e+15
d   2.944221e+00  3.493500e+10  1.413713e+17  1.413713e+17  6.631775e+08  3.083895e+15  3.083896e+15
d   2.928643e+00  4.984100e+09  1.396233e+17  1.396233e+17  7.551062e+08  3.947479e+15  3.947480e+15
d   2.928643e+00  4.984100e+09  1.396233e+17  1.396233e+17  7.551062e+08  3.947479e+15  3.947480e+15
d   2.913065e+00  7.110708e+08  1.377336e+17  1.377336e+17  8.597779e+08  5.010496e+15  5.010497e+15
d   2.913065e+00  7.110708e+08  1.377336e+17  1.377336e+17  8.597779e+08  5.010496e+15  5.010497e+15
d   2.897487e+00  1.014469e+08  1.357086e+17  1.357086e+17  9.789591e+08  6.306409e+15  6.306410e+15
d   2.897487e+00  1.014469e+08  1.357086e+17  1.357086e+17  9.789591e+08  6.306409e+15  6.306410e+15
d   2.881910e+00  1.447321e+07  1.335550e+17  1.335550e+17  1.114661e+09  7.870896e+15  7.870897e+15
d   2.881910e+00  1.447321e+07  1.335550e+17  1.335550e+17  1.114661e+09  7.870896e+15  7.870897e+15
d   2.866332e+00  2.064862e+06  1.312800e+17  1.312800e+17  1.269174e+09  9.741073e+15  9.741074e+15
d   2.866332e+00  2.064862e+06  1.312800e+17  1.312800e+17  1.269174e+09  9.741073e+15  9.741074e+15
d   2.850754e+00  2.945894e+05  1.288909e+17  1.288909e+17  1.445105e+09  1.195446e+16  1.195446e+16
d   2.850754e+00  2.945894e+05  1.288909e+17  1.288909e+17  1.445105e+09  1.195446e+16  1.195446e+16
d   2.835176e+00  4.202843e+04  1.263954e+17  1.263954e+17  1.645423e+09  1.454769e+16  1.454769e+16
d   2.835176e+00  4.202843e+04  1.263954e+17  1.263954e+17  1.645423e+09  1.454769e+16  1.454769e+16
d   2.819598e+00  5.996106e+03  1.238014e+17  1.238014e+17  1.873509e+09  1.755490e+16  1.755490e+16
d   2.819598e+00  5.996106e+03  1.238014e+17  1.238014e+17  1.873509e+09  1.755490e+16  1.755490e+16
d   2.804020e+00  8.554514e+02  1.211171e+17  1.211171e+17  2.133212e+09  2.100600e+16  2.100601e+16
d   2.804020e+00  8.554514e+02  1.211171e+17  1.211171e+17  2.133212e+09  2.100600e+16  2.100601e+16
d   2.788442e+00  1.220454e+02  1.183507e+17  1.183507e+17  2.428915e+09  2.492465e+16  2.492466e+16
d   2.788442e+00  1.220454e+02  1.183507e+17  1.183507e+17  2.428915e+09  2.492465e+16  2.492466e+16
d   2.772864e+00  1.741195e+01  1.155105e+17  1.155105e+17  2.765608e+09  2.932617e+16  2.932618e+16
d   2.772864e+00  1.741195e+01  1.155105e+17  1.155105e+17  2.765608e+09  2.932617e+16  2.932618e+16
d   2.757286e+00  2.484126e+00  1.126050e+17  1.126050e+17  3.148973e+09  3.421545e+16  3.421546e+16
d   2.757286e+00  2.484126e+00  1.126050e+17  1.126050e+17  3.148973e+09  3.421545e+16  3.421546e+16
d   2.741709e+00  3.544048e-01  1.096425e+17  1.096425e+17  3.585479e+09  3.958492e+16  3.958493e+16
d   2.741709e+00  3.544048e-01  1.096425e+17  1.096425e+17  3.585479e+09  3.958492e+16  3.958493e+16
d   2.726131e+00  5.056217e-02  1.066316e+17  1.066316e+17  4.082493e+09  4.541276e+16  4.541277e+16
d   2.726131e+00  5.056217e-02  1.066316e+17  1.066316e+17  4.082493e+09  4.541276e+16  4.541277e+16
d   2.710553e+00  7.213596e-03  1.035805e+17  1.035805e+17  4.648402e+09  5.166145e+16  5.166146e+16
d   2.710553e+00  7.213596e-03  1.035805e+17  1.035805e+17  4.648402e+09  5.166145e+16  5.166146e+16
d   2.694975e+00  1.029148e-03  1.004976e+17  1.004976e+17  5.292757e+09  5.827683e+16  5.827684e+16
d   2.694975e+00  1.029148e-03  1.004976e+17  1.004976e+17  5.292757e+09  5.827683e+16  5.827684e+16
d   2.679397e+00  1.468263e-04  9.739099e+16  9.739099e+16  6.026431e+09  6.518773e+16  6.518774e+16
d   2.679397e+00  1.468263e-04  9.739099e+16  9.739099e+16  6.026431e+09  6.518773e+16  6.518774e+16
d   2.663819e+00  2.094739e-05  9.426863e+16  9.426863e+16  6.861807e+09  7.230634e+16  7.230635e+16
d   2.663819e+00  2.094739e-05  9.426863e+16  9.426863e+16  6.861807e+09  7.230634e+16  7.230635e+16
d   2.648241e+00  2.988519e-06  9.113833e+16  9.113833e+16  7.812980e+09  7.952937e+16  7.952938e+16
d   2.648241e+00  2.988519e-06  9.113833e+16  9.113833e+16  7.812980e+09  7.952937e+16  7.952938e+16
d   2.632663e+00  4.263656e-07  8.800762e+16  8.800762e+16  8.896005e+09  8.673998e+16  8.673999e+16
d   2.632663e+00  4.263656e-07  8.800762e+16  8.800762e+16  8.896005e+09  8.673998e+16  8.673999e+16
d   2.617085e+00  6.082866e-08  8.488382e+16  8.488382e+16  1.012916e+10  9.381054e+16  9.381055e+16
d   2.617085e+00  6.082866e-08  8.488382e+16  8.488382e+16  1.012916e+10  9.381054e+16  9.381055e+16
d   2.601508e+00  8.678293e-09  8.177395e+16  8.177395e+16  1.153325e+10  1.006062e+17  1.006062e+17
d   2.601508e+00  8.678293e-09  8.177395e+16  8.177395e+16  1.153325e+10  1.006062e+17  1.006062e+17
d   2.585930e+00  1.238113e-09  7.868472e+16  7.868472e+16  1.313197e+10  1.069888e+17  1.069888e+17
d   2.585930e+00  1.238113e-09  7.868472e+16  7.868472e+16  1.313197e+10  1.069888e+17  1.069888e+17
d   2.570352e+00  1.766389e-10  7.562253e+16  7.562253e+16  1.495230e+10  1.128216e+17  1.128216e+17
d   2.570352e+00  1.766389e-10  7.562253e+16  7.562253e+16  1.495230e+10  1.128216e+17  1.128216e+17
d   2.554774e+00  2.520069e-11  7.259345e+16  7.259345e+16  1.702497e+10  1.179742e+17  1.179742e+17
d   2.554774e+00  2.520069e-11  7.259345e+16  7.259345e+16  1.702497e+10  1.179742e+17  1.179742e+17
d   2.539196e+00  3.595329e-12  6.960318e+16  6.960318e+16  1.938494e+10  1.223271e+17  1.223271e+17
d   2.539196e+00  3.595329e-12  6.960318e+16  6.960318e+16  1.938494e+10  1.223271e+17  1.223271e+17
d   2.523618e+00  5.129377e-13  6.665705e+16  6.665705e+16  2.207206e+10  1.257762e+17  1.257762e+17
d   2.523618e+00  5.129377e-13  6.665705e+16  6.665705e+16  2.207206e+10  1.257762e+17  1.257762e+17
d   2.508040e+00  7.317972e-14  6.376003e+16  6.376003e+16  2.513166e+10  1.282375e+17  1.282376e+17
d   2.508040e+00  7.317972e-14  6.376003e+16  6.376003e+16  2.513166e+10  1.282375e+17  1.282376e+17
d   2.492462e+00  1.044039e-14  6.091669e+16  6.091669e+16  2.861537e+10  1.296499e+17  1.296500e+17
d   2.492462e+00  1.044039e-14  6.091669e+16  6.091669e+16  2.861537e+10  1.296499e+17  1.296500e+17
d   2.476884e+00  1.489508e-15  5.813123e+16  5.813123e+16  3.258199e+10  1.299781e+17  1.299781e+17
d   2.476884e+00  1.489508e-15  5.813123e+16  5.813123e+16  3.258199e+10  1.299781e+17  1.299781e+17
d   2.461307e+00  2.125049e-16  5.540745e+16  5.540745e+16  3.709846e+10  1.292137e+17  1.292137e+17
d   2.461307e+00  2.125049e-16  5.540745e+16  5.540745e+16  3.709846e+10  1.292137e+17  1.292137e+17
d   2.445729e+00  3.031761e-17  5.274875e+16  5.274875e+16  4.224099e+10  1.273760e+17  1.273760e+17
d   2.445729e+00  3.031761e-17  5.274875e+16  5.274875e+16  4.224099e+10  1.273760e+17  1.273760e+17
d   2.430151e+00  4.325348e-18  5.015816e+16  5.015816e+16  4.809638e+10  1.245109e+17  1.245109e+17
d   2.430151e+00  4.325348e-18  5.015816e+16  5.015816e+16  4.809638e+10  1.245109e+17  1.245109e+17
d   2.414573e+00  6.170881e-19  4.763831e+16  4.763831e+16  5.476343e+10  1.206889e+17  1.206890e+17
d   2.414573e+00  6.170881e-19  4.763831e+16  4.763831e+16  5.476343e+10  1.206889e+17  1.206890e+17
d   2.398995e+00  8.803862e-20  4.519148e+16  4.519148e+16  6.235466e+10  1.160028e+17  1.160028e+17
d   2.398995e+00  8.803862e-20  4.519148e+16  4.519148e+16  6.235466e+10  1.160028e+17  1.160028e+17
d   2.383417e+00  1.256028e-20  4.281956e+16  4.281956e+16  7.099818e+10  1.105630e+17  1.105631e+17
d   2.383417e+00  1.256028e-20  4.281956e+16  4.281956e+16  7.099818e+10  1.105630e+17  1.105631e+17
d   2.367839e+00  1.791948e-21  4.052408e+16  4.052408e+16  8.083984e+10  1.044941e+17  1.044942e+17
d   2.367839e+00  1.791948e-21  4.052408e+16  4.052408e+16  8.083984e+10  1.044941e+17  1.044942e+17
d   2.352261e+00  2.556533e-22  3.830625e+16  3.830625e+16  9.204574e+10  9.792973e+16  9.792982e+16
d   2.352261e+00  2.556533e-22  3.830625e+16  3.830625e+16  9.204574e+10  9.792973e+16  9.792982e+16
d   2.336683e+00  3.647351e-23  3.616691e+16  3.616691e+16  1.048050e+11  9.100764e+16  9.100774e+16
d   2.336683e+00  3.647351e-23  3.616691e+16  3.616691e+16  1.048050e+11  9.100764e+16  9.100774e+16
d   2.321106e+00  5.203596e-24  3.410661e+16  3.410661e+16  1.193329e+11  8.386519e+16  8.386531e+16
d   2.321106e+00  5.203596e-24  3.410661e+16  3.410661e+16  1.193329e+11  8.386519e+16  8.386531e+16
d   2.305528e+00  7.423858e-25  3.212559e+16  3.212559e+16  1.358747e+11  7.663483e+16  7.663497e+16
d   2.305528e+00  7.423858e-25  3.212559e+16  3.212559e+16  1.358747e+11  7.663483e+16  7.663497e+16
d   2.289950e+00  1.059146e-25  3.022381e+16  3.022381e+16  1.547094e+11  6.944026e+16  6.944041e+16
d   2.289950e+00  1.059146e-25  3.022381e+16  3.022381e+16  1.547094e+11  6.944026e+16  6.944041e+16
d   2.274372e+00  1.511060e-26  2.840093e+16  2.840093e+16  1.761550e+11  6.239317e+16  6.239334e+16
d   2.274372e+00  1.511060e-26  2.840093e+16  2.840093e+16  1.761550e+11  6.239317e+16  6.239334e+16
d   2.258794e+00  2.155797e-27  2.665639e+16  2.665639e+16  2.005734e+11  5.559085e+16  5.559105e+16
d   2.258794e+00  2.155797e-27  2.665639e+16  2.665639e+16  2.005734e+11  5.559085e+16  5.559105e+16
d   2.243216e+00  3.075629e-28  2.498938e+16  2.498938e+16  2.283766e+11  4.911456e+16  4.911479e+16
d   2.243216e+00  3.075629e-28  2.498938e+16  2.498938e+16  2.283766e+11  4.911456e+16  4.911479e+16
d   2.227638e+00  4.387933e-29  2.339888e+16  2.339888e+16  2.600338e+11  4.302866e+16  4.302892e+16
d   2.227638e+00  4.387933e-29  2.339888e+16  2.339888e+16  2.600338e+11  4.302866e+16  4.302892e+16
d   2.212060e+00  6.260169e-30  2.188367e+16  2.188367e+16  2.960793e+11  3.738057e+16  3.738087e+16
d   2.212060e+00  6.260169e-30  2.188367e+16  2.188367e+16  2.960793e+11  3.738057e+16  3.738087e+16
d   2.196482e+00  8.931248e-31  2.044233e+16  2.044233e+16  3.371214e+11  3.220139e+16  3.220173e+16
d   2.196482e+00  8.931248e-31  2.044233e+16  2.044233e+16  3.371214e+11  3.220139e+16  3.220173e+16
d   2.180905e+00  1.274202e-31  1.907332e+16  1.907332e+16  3.838527e+11  2.750705e+16  2.750743e+16
d   2.180905e+00  1.274202e-31  1.907332e+16  1.907332e+16  3.838527e+11  2.750705e+16  2.750743e+16
d   2.165327e+00  1.817876e-32  1.777491e+16  1.777491e+16  4.370618e+11  2.329990e+16  2.330033e+16
d   2.165327e+00  1.817876e-32  1.777491e+16  1.777491e+16  4.370618e+11  2.329990e+16  2.330033e+16
d   2.149749e+00  2.593525e-33  1.654527e+16  1.654527e+16  4.976467e+11  1.957062e+16  1.957112e+16
d   2.149749e+00  2.593525e-33  1.654527e+16  1.654527e+16  4.976467e+11  1.957062e+16  1.957112e+16
d   2.134171e+00  3.700125e-34  1.538246e+16  1.538246e+16  5.666298e+11  1.630030e+16  1.630087e+16
d   2.134171e+00  3.700125e-34  1.538246e+16  1.538246e+16  5.666298e+11  1.630030e+16  1.630087e+16
d   2.118593e+00  5.278889e-35  1.428444e+16  1.428444e+16  6.451752e+11  1.346256e+16  1.346320e+16
d   2.118593e+00  5.278889e-35  1.428444e+16  1.428444e+16  6.451752e+11  1.346256e+16  1.346320e+16
d   2.103015e+00  7.531276e-36  1.324909e+16  1.324909e+16  7.346084e+11  1.102554e+16  1.102627e+16
d   2.103015e+00  7.531276e-36  1.324909e+16  1.324909e+16  7.346084e+11  1.102554e+16  1.102627e+16
d   2.087437e+00  1.074471e-36  1.227423e+16  1.227423e+16  8.364388e+11  8.953913e+15  8.954749e+15
d   2.087437e+00  1.074471e-36  1.227423e+16  1.227423e+16  8.364388e+11  8.953913e+15  8.954749e+15
d   2.071859e+00  1.532924e-37  1.135763e+16  1.135763e+16  9.523847e+11  7.210518e+15  7.211470e+15
d   2.071859e+00  1.532924e-37  1.135763e+16  1.135763e+16  9.523847e+11  7.210518e+15  7.211470e+15
d   2.056281e+00  2.186990e-38  1.049704e+16  1.049704e+16  1.084403e+12  5.757854e+15  5.758939e+15
d   2.056281e+00  2.186990e-38  1.049704e+16  1.049704e+16  1.084403e+12  5.757854e+15  5.758939e+15
d   2.040704e+00  3.120131e-39  9.690163e+15  9.690163e+15  1.234721e+12  4.559272e+15  4.560507e+15
d   2.040704e+00  3.120131e-39  9.690163e+15  9.690163e+15  1.234721e+12  4.559272e+15  4.560507e+15
d   2.025126e+00  4.451424e-40  8.934718e+15  8.934718e+15  1.405877e+12  3.579900e+15  3.581306e+15
d   2.025126e+00  4.451424e-40  8.934718e+15  8.934718e+15  1.405877e+12  3.579900e+15  3.581306e+15
d   2.009548e+00  6.350750e-41  8.228411e+15  8.228411e+15  1.600757e+12  2.787321e+15  2.788921e+15
d   2.009548e+00  6.350750e-41  8.228411e+15  8.228411e+15  1.600757e+12  2.787321e+15  2.788921e+15
d   1.993970e+00  9.060478e-42  7.568966e+15  7.568966e+15  1.822652e+12  2.152006e+15  2.153829e+15
d   1.993970e+00  9.060478e-42  7.568966e+15  7.568966e+15  1.822652e+12  2.152006e+15  2.153829e+15
d   1.978392e+00  1.292639e-42  6.954125e+15  6.954125e+15  2.075305e+12  1.647558e+15  1.649634e+15
d   1.978392e+00  1.292639e-42  6.954125e+15  6.954125e+15  2.075305e+12  1.647558e+15  1.649634e+15
d   1.962814e+00  1.844180e-43  6.381663e+15  6.381663e+15  2.362981e+12  1.250773e+15  1.253136e+15
d   1.962814e+00  1.844180e-43  6.381663e+15  6.381663e+15  2.362981e+12  1.250773e+15  1.253136e+15
d   1.947236e+00  2.631051e-44  5.849390e+15  5.849390e+15  2.690534e+12  9.415798e+14  9.442703e+14
d   1.947236e+00  2.631051e-44  5.849390e+15  5.849390e+15  2.690534e+12  9.415798e+14  9.442703e+14
d   1.931658e+00  3.753664e-45  5.355163e+15  5.355163e+15  3.063492e+12  7.028719e+14  7.059354e+14
d   1.931658e+00  3.753664e-45  5.355163e+15  5.355163e+15  3.063492e+12  7.028719e+14  7.059354e+14
d   1.916080e+00  5.355271e-46  4.896889e+15  4.896889e+15  3.488149e+12  5.202785e+14  5.237666e+14
d   1.916080e+00  5.355271e-46  4.896889e+15  4.896889e+15  3.488149e+12  5.202785e+14  5.237666e+14
d   1.900503e+00  7.640249e-47  4.472529e+15  4.472529e+15  3.971671e+12  3.818881e+14  3.858598e+14
d   1.900503e+00  7.640249e-47  4.472529e+15  4.472529e+15  3.971671e+12  3.818881e+14  3.858598e+14
d   1.884925e+00  1.090018e-47  4.080107e+15  4.080107e+15  4.522219e+12  2.779566e+14  2.824788e+14
d   1.884925e+00  1.090018e-47  4.080107e+15  4.080107e+15  4.522219e+12  2.779566e+14  2.824788e+14
d   1.869347e+00  1.555105e-48  3.717708e+15  3.717708e+15  5.149082e+12  2.006127e+14  2.057618e+14
d   1.869347e+00  1.555105e-48  3.717708e+15  3.717708e+15  5.149082e+12  2.006127e+14  2.057618e+14
d   1.853769e+00  2.218634e-49  3.383486e+15  3.383486e+15  5.862841e+12  1.435756e+14  1.494384e+14
d   1.853769e+00  2.218634e-49  3.383486e+15  3.383486e+15  5.862841e+12  1.435756e+14  1.494384e+14
d   1.838191e+00  3.165278e-50  3.075664e+15  3.075664e+15  6.675539e+12  1.018928e+14  1.085683e+14
d   1.838191e+00  3.165278e-50  3.075664e+15  3.075664e+15  6.675539e+12  1.018928e+14  1.085683e+14
d   1.822613e+00  4.515833e-51  2.792536e+15  2.792536e+15  7.600893e+12  7.170453e+13  7.930542e+13
d   1.822613e+00  4.515833e-51  2.792536e+15  2.792536e+15  7.600893e+12  7.170453e+13  7.930542e+13
d   1.807035e+00  6.442641e-52  2.532469e+15  2.532469e+15  8.654518e+12  5.003691e+13  5.869143e+13
d   1.807035e+00  6.442641e-52  2.532469e+15  2.532469e+15  8.654518e+12  5.003691e+13  5.869143e+13
d   1.791457e+00  9.191577e-53  2.293902e+15  2.293902e+15  9.854195e+12  3.462382e+13  4.447802e+13
d   1.791457e+00  9.191577e-53  2.293902e+15  2.293902e+15  9.854195e+12  3.462382e+13  4.447802e+13
d   1.775879e+00  1.311342e-53  2.075348e+15  2.075348e+15  1.122017e+13  2.375747e+13  3.497764e+13
d   1.775879e+00  1.311342e-53  2.075348e+15  2.075348e+15  1.122017e+13  2.375747e+13  3.497764e+13
d   1.760302e+00  1.870864e-54  1.875394e+15  1.875394e+15  1.277549e+13  1.616464e+13  2.894013e+13
d   1.760302e+00  1.870864e-54  1.875394e+15  1.875394e+15  1.277549e+13  1.616464e+13  2.894013e+13
d   1.744724e+00  2.669121e-55  1.692698e+15  1.692698e+15  1.454641e+13  1.090617e+13  2.545258e+13
d   1.744724e+00  2.669121e-55  1.692698e+15  1.692698e+15  1.454641e+13  1.090617e+13  2.545258e+13
d   1.729146e+00  3.807977e-56  1.525990e+15  1.525990e+15  1.656282e+13  7.296578e+12  2.385939e+13
d   1.729146e+00  3.807977e-56  1.525990e+15  1.525990e+15  1.656282e+13  7.296578e+12  2.385939e+13
d   1.713568e+00  5.432758e-57  1.374072e+15  1.374072e+15  1.885873e+13  4.840684e+12  2.369941e+13
d   1.713568e+00  5.432758e-57  1.374072e+15  1.374072e+15  1.885873e+13  4.840684e+12  2.369941e+13
d   1.697990e+00  7.750799e-58  1.235812e+15  1.235812e+15  2.147290e+13  3.184454e+12  2.465735e+13
d   1.697990e+00  7.750799e-58  1.235812e+15  1.235812e+15  2.147290e+13  3.184454e+12  2.465735e+13
d   1.682412e+00  1.105790e-58  1.110148e+15  1.110148e+15  2.444944e+13  2.077321e+12  2.652676e+13
d   1.682412e+00  1.105790e-58  1.110148e+15  1.110148e+15  2.444944e+13  2.077321e+12  2.652676e+13
d   1.666834e+00  1.577606e-59  9.960817e+14  9.960817e+14  2.783859e+13  1.343733e+12  2.918232e+13
d   1.666834e+00  1.577606e-59  9.960817e+14  9.960817e+14  2.783859e+13  1.343733e+12  2.918232e+13
d   1.651256e+00  2.250737e-60  8.926769e+14  8.926769e+14  3.169754e+13  8.619123e+11  3.255945e+13
d   1.651256e+00  2.250737e-60  8.926769e+14  8.926769e+14  3.169754e+13  8.619123e+11  3.255945e+13
d   1.635678e+00  3.211077e-61  7.990592e+14  7.990592e+14  3.609140e+13  5.482185e+11  3.663962e+13
d   1.635678e+00  3.211077e-61  7.990592e+14  7.990592e+14  3.609140e+13  5.482185e+11  3.663962e+13
d   1.620101e+00  4.581174e-62  7.144125e+14  7.144125e+14  4.109434e+13  3.457680e+11  4.144011e+13
d   1.620101e+00  4.581174e-62  7.144125e+14  7.144125e+14  4.109434e+13  3.457680e+11  4.144011e+13
d   1.604523e+00  6.535862e-63  6.379763e+14  6.379763e+14  4.679078e+13  2.162503e+11  4.700703e+13
d   1.604523e+00  6.535862e-63  6.379763e+14  6.379763e+14  4.679078e+13  2.162503e+11  4.700703e+13
d   1.588945e+00  9.324573e-64  5.690435e+14  5.690435e+14  5.327685e+13  1.341124e+11  5.341096e+13
d   1.588945e+00  9.324573e-64  5.690435e+14  5.690435e+14  5.327685e+13  1.341124e+11  5.341096e+13
d   1.573367e+00  1.330317e-64  5.069577e+14  5.069577e+14  6.066201e+13  8.247496e+10  6.074449e+13
d   1.573367e+00  1.330317e-64  5.069577e+14  5.069577e+14  6.066201e+13  8.247496e+10  6.074449e+13
d   1.557789e+00  1.897934e-65  4.511110e+14  4.511110e+14  6.907089e+13  5.029395e+10  6.912119e+13
d   1.557789e+00  1.897934e-65  4.511110e+14  4.511110e+14  6.907089e+13  5.029395e+10  6.912119e+13
d   1.542211e+00  2.707741e-66  4.009411e+14  4.009411e+14  7.864540e+13  3.041235e+10  7.867581e+13
d   1.542211e+00  2.707741e-66  4.009411e+14  4.009411e+14  7.864540e+13  3.041235e+10  7.867581e+13
d   1.526633e+00  3.863076e-67  3.559287e+14  3.559287e+14  8.954711e+13  1.823580e+10  8.956535e+13
d   1.526633e+00  3.863076e-67  3.559287e+14  3.559287e+14  8.954711e+13  1.823580e+10  8.956535e+13
d   1.511055e+00  5.511367e-68  3.155956e+14  3.155956e+14  1.019600e+14  1.084277e+10  1.019708e+14
d   1.511055e+00  5.511367e-68  3.155956e+14  3.155956e+14  1.019600e+14  1.084277e+10  1.019708e+14
d   1.495477e+00  7.862948e-69  2.795015e+14  2.795015e+14  1.160936e+14  6.392876e+09  1.160999e+14
d   1.495477e+00  7.862948e-69  2.795015e+14  2.795015e+14  1.160936e+14  6.392876e+09  1.160999e+14
d   1.479899e+00  1.121790e-69  2.472423e+14  2.472423e+14  1.321863e+14  3.737601e+09  1.321900e+14
d   1.479899e+00  1.121790e-69  2.472423e+14  2.472423e+14  1.321863e+14  3.737601e+09  1.321900e+14
d   1.464322e+00  1.600433e-70  2.184474e+14  2.184474e+14  1.505098e+14  2.166857e+09  1.505119e+14
d   1.464322e+00  1.600433e-70  2.184474e+14  2.184474e+14  1.505098e+14  2.166857e+09  1.505119e+14
d   1.448744e+00  2.283303e-71  1.927775e+14  1.927775e+14  1.713732e+14  1.245685e+09  1.713744e+14
d   1.448744e+00  2.283303e-71  1.927775e+14  1.927775e+14  1.713732e+14  1.245685e+09  1.713744e+14
d   1.433166e+00  3.257539e-72  1.699226e+14  1.699226e+14  1.951287e+14  7.101116e+08  1.951294e+14
d   1.433166e+00  3.257539e-72  1.699226e+14  1.699226e+14  1.951287e+14  7.101116e+08  1.951294e+14
d   1.417588e+00  4.647461e-73  1.496000e+14  1.496000e+14  2.221772e+14  4.014077e+08  2.221776e+14
d   1.417588e+00  4.647461e-73  1.496000e+14  1.496000e+14  2.221772e+14  4.014077e+08  2.221776e+14
d   1.402010e+00  6.630432e-74  1.315519e+14  1.315519e+14  2.529750e+14  2.250015e+08  2.529753e+14
d   1.402010e+00  6.630432e-74  1.315519e+14  1.315519e+14  2.529750e+14  2.250015e+08  2.529753e+14
d   1.386432e+00  9.459494e-75  1.155442e+14  1.155442e+14  2.880421e+14  1.250621e+08  2.880422e+14
d   1.386432e+00  9.459494e-75  1.155442e+14  1.155442e+14  2.880421e+14  1.250621e+08  2.880422e+14
d   1.370854e+00  1.349565e-75  1.013642e+14  1.013642e+14  3.279701e+14  6.892974e+07  3.279701e+14
d   1.370854e+00  1.349565e-75  1.013642e+14  1.013642e+14  3.279701e+14  6.892974e+07  3.279701e+14
d   1.355276e+00  1.925396e-76  8.881915e+13  8.881915e+13  3.734328e+14  3.767282e+07  3.734328e+14
d   1.355276e+00  1.925396e-76  8.881915e+13  8.881915e+13  3.734328e+14  3.767282e+07  3.734328e+14
d   1.339698e+00  2.746921e-77  7.773451e+13  7.773451e+13  4.251975e+14  2.041692e+07  4.251975e+14
d   1.339698e+00  2.746921e-77  7.773451e+13  7.773451e+13  4.251975e+14  2.041692e+07  4.251975e+14
d   1.324121e+00  3.918972e-78  6.795267e+13  6.795267e+13  4.841378e+14  1.097218e+07  4.841378e+14
d   1.324121e+00  3.918972e-78  6.795267e+13  6.795267e+13  4.841378e+14  1.097218e+07  4.841378e+14
d   1.308543e+00  5.591113e-79  5.933140e+13  5.933140e+13  5.512483e+14  5.847044e+06  5.512483e+14
d   1.308543e+00  5.591113e-79  5.933140e+13  5.933140e+13  5.512483e+14  5.847044e+06  5.512483e+14
d   1.292965e+00  7.976719e-80  5.174257e+13  5.174257e+13  6.276615e+14  3.089728e+06  6.276615e+14
d   1.292965e+00  7.976719e-80  5.174257e+13  5.174257e+13  6.276615e+14  3.089728e+06  6.276615e+14
d   1.277387e+00  1.138021e-80  4.507097e+13  4.507097e+13  7.146671e+14  1.618992e+06  7.146671e+14
d   1.277387e+00  1.138021e-80  4.507097e+13  4.507097e+13  7.146671e+14  1.618992e+06  7.146671e+14
d   1.261809e+00  1.623590e-81  3.921309e+13  3.921309e+13  8.137332e+14  8.412208e+05  8.137332e+14
d   1.261809e+00  1.623590e-81  3.921309e+13  3.921309e+13  8.137332e+14  8.412208e+05  8.137332e+14
d   1.246231e+00  2.316341e-82  3.407617e+13  3.407617e+13  9.265317e+14  4.334268e+05  9.265317e+14
d   1.246231e+00  2.316341e-82  3.407617e+13  3.407617e+13  9.265317e+14  4.334268e+05  9.265317e+14
d   1.230653e+00  3.304674e-83  2.957711e+13  2.957711e+13  1.054966e+15  2.214431e+05  1.054966e+15
d   1.230653e+00  3.304674e-83  2.957711e+13  2.957711e+13  1.054966e+15  2.214431e+05  1.054966e+15
d   1.215075e+00  4.714707e-84  2.564167e+13  2.564167e+13  1.201204e+15  1.121887e+05  1.201204e+15
d   1.215075e+00  4.714707e-84  2.564167e+13  2.564167e+13  1.201204e+15  1.121887e+05  1.201204e+15
d   1.199497e+00  6.726370e-85  2.220353e+13  2.220353e+13  1.367713e+15  5.636074e+04  1.367713e+15
d   1.199497e+00  6.726370e-85  2.220353e+13  2.220353e+13  1.367713e+15  5.636074e+04  1.367713e+15
d   1.183920e+00  9.596366e-86  1.920363e+13  1.920363e+13  1.557304e+15  2.807662e+04  1.557304e+15
d   1.183920e+00  9.596366e-86  1.920363e+13  1.920363e+13  1.557304e+15  2.807662e+04  1.557304e+15
d   1.168342e+00  1.369093e-86  1.658937e+13  1.658937e+13  1.773175e+15  1.386927e+04  1.773175e+15
d   1.168342e+00  1.369093e-86  1.658937e+13  1.658937e+13  1.773175e+15  1.386927e+04  1.773175e+15
d   1.152764e+00  1.953255e-87  1.431403e+13  1.431403e+13  2.018970e+15  6.793649e+03  2.018970e+15
d   1.152764e+00  1.953255e-87  1.431403e+13  1.431403e+13  2.018970e+15  6.793649e+03  2.018970e+15
d   1.137186e+00  2.786667e-88  1.233614e+13  1.233614e+13  2.298837e+15  3.299842e+03  2.298837e+15
d   1.137186e+00  2.786667e-88  1.233614e+13  1.233614e+13  2.298837e+15  3.299842e+03  2.298837e+15
d   1.121608e+00  3.975677e-89  1.061897e+13  1.061897e+13  2.617498e+15  1.589365e+03  2.617498e+15
d   1.121608e+00  3.975677e-89  1.061897e+13  1.061897e+13  2.617498e+15  1.589365e+03  2.617498e+15
d   1.106030e+00  5.672012e-90  9.129994e+12  9.129994e+12  2.980332e+15  7.590930e+02  2.980332e+15
d   1.106030e+00  5.672012e-90  9.129994e+12  9.129994e+12  2.980332e+15  7.590930e+02  2.980332e+15
d   1.090452e+00  8.092137e-91  7.840506e+12  7.840506e+12  3.393461e+15  3.595066e+02  3.393461e+15
d   1.090452e+00  8.092137e-91  7.840506e+12  7.840506e+12  3.393461e+15  3.595066e+02  3.393461e+15
d   1.074874e+00  1.154488e-91  6.725168e+12  6.725168e+12  3.863858e+15  1.688337e+02  3.863858e+15
d   1.074874e+00  1.154488e-91  6.725168e+12  6.725168e+12  3.863858e+15  1.688337e+02  3.863858e+15
d   1.059296e+00  1.647083e-92  5.761659e+12  5.761659e+12  4.399461e+15  7.862349e+01  4.399461e+15
d   1.059296e+00  1.647083e-92  5.761659e+12  5.761659e+12  4.399461e+15  7.862349e+01  4.399461e+15
d   1.043719e+00  2.349857e-93  4.930346e+12  4.930346e+12  5.009308e+15  3.630663e+01  5.009308e+15
d   1.043719e+00  2.349857e-93  4.930346e+12  4.930346e+12  5.009308e+15  3.630663e+01  5.009308e+15
d   1.028141e+00  3.352490e-94  4.213981e+12  4.213981e+12  5.703691e+15  1.662495e+01  5.703691e+15
d   1.028141e+00  3.352490e-94  4.213981e+12  4.213981e+12  5.703691e+15  1.662495e+01  5.703691e+15
d   1.012563e+00  4.782925e-95  3.597437e+12  3.597437e+12  6.494328e+15  7.548751e+00  6.494328e+15
d   1.012563e+00  4.782925e-95  3.597437e+12  3.597437e+12  6.494328e+15  7.548751e+00  6.494328e+15
d   9.969849e-01  6.823696e-96  3.067462e+12  3.067462e+12  7.394563e+15  3.398839e+00  7.394563e+15
d   9.969849e-01  6.823696e-96  3.067462e+12  3.067462e+12  7.394563e+15  3.398839e+00  7.394563e+15
d   9.814070e-01  9.735219e-97  2.612466e+12  2.612466e+12  8.419586e+15  1.517493e+00  8.419586e+15
d   9.814070e-01  9.735219e-97  2.612466e+12  2.612466e+12  8.419586e+15  1.517493e+00  8.419586e+15
d   9.658291e-01  1.388903e-97  2.222324e+12  2.222324e+12  9.586697e+15  6.718361e-01  9.586697e+15
d   9.658291e-01  1.388903e-97  2.222324e+12  2.222324e+12  9.586697e+15  6.718361e-01  9.586697e+15
d   9.502513e-01  1.981517e-98  1.888207e+12  1.888207e+12  1.091559e+16  2.949447e-01  1.091559e+16
d   9.502513e-01  1.981517e-98  1.888207e+12  1.888207e+12  1.091559e+16  2.949447e-01  1.091559e+16
d   9.346734e-01  2.826988e-99  1.602423e+12  1.602423e+12  1.242870e+16  1.283981e-01  1.242870e+16
d   9.346734e-01  2.826988e-99  1.602423e+12  1.602423e+12  1.242870e+16  1.283981e-01  1.242870e+16
d   9.190955e-01 4.033203e-100  1.358283e+12  1.358283e+12  1.415154e+16  5.542645e-02  1.415154e+16
d   9.190955e-01 4.033203e-100  1.358283e+12  1.358283e+12  1.415154e+16  5.542645e-02  1.415154e+16
d   9.035176e-01 5.754083e-101  1.149976e+12  1.149976e+12  1.611321e+16  2.372554e-02  1.611321e+16
d   9.035176e-01 5.754083e-101  1.149976e+12  1.149976e+12  1.611321e+16  2.372554e-02  1.611321e+16
d   8.879397e-01 8.209225e-102  9.724615e+11  9.724615e+11  1.834680e+16  1.007061e-02  1.834680e+16
d   8.879397e-01 8.209225e-102  9.724615e+11  9.724615e+11  1.834680e+16  1.007061e-02  1.834680e+16
d   8.723618e-01 1.171192e-102  8.213752e+11  8.213752e+11  2.089001e+16  4.238735e-03  2.089001e+16
d   8.723618e-01 1.171192e-102  8.213752e+11  8.213752e+11  2.089001e+16  4.238735e-03  2.089001e+16
d   8.567839e-01 1.670915e-103  6.929409e+11  6.929409e+11  2.378575e+16  1.769120e-03  2.378575e+16
d   8.567839e-01 1.670915e-103  6.929409e+11  6.929409e+11  2.378575e+16  1.769120e-03  2.378575e+16
d   8.412060e-01 2.383858e-104  5.838969e+11  5.838969e+11  2.708290e+16  7.321815e-04  2.708290e+16
d   8.412060e-01 2.383858e-104  5.838969e+11  5.838969e+11  2.708290e+16  7.321815e-04  2.708290e+16
d   8.256281e-01 3.400999e-105  4.914299e+11  4.914299e+11  3.083709e+16  3.004837e-04  3.083709e+16
d   8.256281e-01 3.400999e-105  4.914299e+11  4.914299e+11  3.083709e+16  3.004837e-04  3.083709e+16
d   8.100503e-01 4.852131e-106  4.131163e+11  4.131163e+11  3.511168e+16  1.222823e-04  3.511168e+16
d   8.100503e-01 4.852131e-106  4.131163e+11  4.131163e+11  3.511168e+16  1.222823e-04  3.511168e+16
d   7.944724e-01 6.922431e-107  3.468714e+11  3.468714e+11  3.997881e+16  4.934544e-05  3.997881e+16
d   7.944724e-01 6.922431e-107  3.468714e+11  3.468714e+11  3.997881e+16  4.934544e-05  3.997881e+16
d   7.788945e-01 9.876082e-108  2.909043e+11  2.909043e+11  4.552062e+16  1.974563e-05  4.552062e+16
d   7.788945e-01 9.876082e-108  2.909043e+11  2.909043e+11  4.552062e+16  1.974563e-05  4.552062e+16
d   7.633166e-01 1.408999e-108  2.436784e+11  2.436784e+11  5.183062e+16  7.834939e-06  5.183062e+16
d   7.633166e-01 1.408999e-108  2.436784e+11  2.436784e+11  5.183062e+16  7.834939e-06  5.183062e+16
d   7.477387e-01 2.010189e-109  2.038776e+11  2.038776e+11  5.901531e+16  3.082768e-06  5.901531e+16
d   7.477387e-01 2.010189e-109  2.038776e+11  2.038776e+11  5.901531e+16  3.082768e-06  5.901531e+16
d   7.321608e-01 2.867893e-110  1.703755e+11  1.703755e+11  6.719593e+16  1.202781e-06  6.719593e+16
d   7.321608e-01 2.867893e-110  1.703755e+11  1.703755e+11  6.719593e+16  1.202781e-06  6.719593e+16
d   7.165829e-01 4.091560e-111  1.422101e+11  1.422101e+11  7.651053e+16  4.653428e-07  7.651053e+16
d   7.165829e-01 4.091560e-111  1.422101e+11  1.422101e+11  7.651053e+16  4.653428e-07  7.651053e+16
d   7.010050e-01 5.837341e-112  1.185602e+11  1.185602e+11  8.711631e+16  1.785254e-07  8.711631e+16
d   7.010050e-01 5.837341e-112  1.185602e+11  1.185602e+11  8.711631e+16  1.785254e-07  8.711631e+16
d   6.854271e-01 8.328008e-113  9.872632e+10  9.872632e+10  9.919225e+16  6.791530e-08  9.919225e+16
d   6.854271e-01 8.328008e-113  9.872632e+10  9.872632e+10  9.919225e+16  6.791530e-08  9.919225e+16
d   6.698492e-01 1.188139e-113  8.211308e+10  8.211308e+10  1.129421e+17  2.561981e-08  1.129421e+17
d   6.698492e-01 1.188139e-113  8.211308e+10  8.211308e+10  1.129421e+17  2.561981e-08  1.129421e+17
d   6.542714e-01 1.695092e-114  6.821456e+10  6.821456e+10  1.285980e+17  9.583511e-09  1.285980e+17
d   6.542714e-01 1.695092e-114  6.821456e+10  6.821456e+10  1.285980e+17  9.583511e-09  1.285980e+17
d   6.386935e-01 2.418351e-115  5.660141e+10  5.660141e+10  1.464241e+17  3.554791e-09  1.464241e+17
d   6.386935e-01 2.418351e-115  5.660141e+10  5.660141e+10  1.464241e+17  3.554791e-09  1.464241e+17
d   6.231156e-01 3.450209e-116  4.690972e+10  4.690972e+10  1.667212e+17  1.307507e-09  1.667212e+17
d   6.231156e-01 3.450209e-116  4.690972e+10  4.690972e+10  1.667212e+17  1.307507e-09  1.667212e+17
d   6.075377e-01 4.922338e-117  3.883147e+10  3.883147e+10  1.898318e+17  4.768863e-10  1.898318e+17
d   6.075377e-01 4.922338e-117  3.883147e+10  3.883147e+10  1.898318e+17  4.768863e-10  1.898318e+17
d   5.919598e-01 7.022594e-118  3.210629e+10  3.210629e+10  2.161460e+17  1.724750e-10  2.161460e+17
d   5.919598e-01 7.022594e-118  3.210629e+10  3.210629e+10  2.161460e+17  1.724750e-10  2.161460e+17
d   5.763819e-01 1.001898e-118  2.651441e+10  2.651441e+10  2.461079e+17  6.185544e-11  2.461079e+17
d   5.763819e-01 1.001898e-118  2.651441e+10  2.651441e+10  2.461079e+17  6.185544e-11  2.461079e+17
d   5.608040e-01 1.429387e-119  2.187052e+10  2.187052e+10  2.802230e+17  2.199735e-11  2.802230e+17
d   5.608040e-01 1.429387e-119  2.187052e+10  2.187052e+10  2.802230e+17  2.199735e-11  2.802230e+17
d   5.452261e-01 2.039275e-120  1.801862e+10  1.801862e+10  3.190671e+17  7.757173e-12  3.190671e+17
d   5.452261e-01 2.039275e-120  1.801862e+10  1.801862e+10  3.190671e+17  7.757173e-12  3.190671e+17
d   5.296482e-01 2.909389e-121  1.482755e+10  1.482755e+10  3.632958e+17  2.712546e-12  3.632958e+17
d   5.296482e-01 2.909389e-121  1.482755e+10  1.482755e+10  3.632958e+17  2.712546e-12  3.632958e+17
d   5.140704e-01 4.150763e-122  1.218717e+10  1.218717e+10  4.136553e+17  9.405707e-13  4.136553e+17
d   5.140704e-01 4.150763e-122  1.218717e+10  1.218717e+10  4.136553e+17  9.405707e-13  4.136553e+17
d   4.984925e-01 5.921803e-123  1.000510e+10  1.000510e+10  4.709956e+17  3.234047e-13  4.709956e+17
d   4.984925e-01 5.921803e-123  1.000510e+10  1.000510e+10  4.709956e+17  3.234047e-13  4.709956e+17
d   4.829146e-01 8.448508e-124  8.204002e+09  8.204002e+09  5.362844e+17  1.102661e-13  5.362844e+17
d   4.829146e-01 8.448508e-124  8.204002e+09  8.204002e+09  5.362844e+17  1.102661e-13  5.362844e+17
d   4.673367e-01 1.205330e-124  6.719165e+09  6.719165e+09  6.106233e+17  3.728018e-14  6.106233e+17
d   4.673367e-01 1.205330e-124  6.719165e+09  6.719165e+09  6.106233e+17  3.728018e-14  6.106233e+17
d   4.517588e-01 1.719619e-125  5.496551e+09  5.496551e+09  6.952671e+17  1.249841e-14  6.952671e+17
d   4.517588e-01 1.719619e-125  5.496551e+09  5.496551e+09  6.952671e+17  1.249841e-14  6.952671e+17
d   4.361809e-01 2.453343e-126  4.491078e+09  4.491078e+09  7.916440e+17  4.155010e-15  7.916440e+17
d   4.361809e-01 2.453343e-126  4.491078e+09  4.491078e+09  7.916440e+17  4.155010e-15  7.916440e+17
d   4.206030e-01 3.500131e-127  3.665188e+09  3.665188e+09  9.013806e+17  1.369714e-15  9.013806e+17
d   4.206030e-01 3.500131e-127  3.665188e+09  3.665188e+09  9.013806e+17  1.369714e-15  9.013806e+17
d   4.050251e-01 4.993561e-128  2.987634e+09  2.987634e+09  1.026329e+18  4.477427e-16  1.026329e+18
d   4.050251e-01 4.993561e-128  2.987634e+09  2.987634e+09  1.026329e+18  4.477427e-16  1.026329e+18
d   3.894472e-01 7.124206e-129  2.432450e+09  2.432450e+09  1.168597e+18  1.451335e-16  1.168597e+18
d   3.894472e-01 7.124206e-129  2.432450e+09  2.432450e+09  1.168597e+18  1.451335e-16  1.168597e+18
d   3.738693e-01 1.016395e-129  1.978089e+09  1.978089e+09  1.330586e+18  4.664955e-17  1.330586e+18
d   3.738693e-01 1.016395e-129  1.978089e+09  1.978089e+09  1.330586e+18  4.664955e-17  1.330586e+18
d   3.582915e-01 1.450069e-130  1.606694e+09  1.606694e+09  1.515030e+18  1.486852e-17  1.515030e+18
d   3.582915e-01 1.450069e-130  1.606694e+09  1.606694e+09  1.515030e+18  1.486852e-17  1.515030e+18
d   3.427136e-01 2.068782e-131  1.303485e+09  1.303485e+09  1.725041e+18  4.699252e-18  1.725041e+18
d   3.427136e-01 2.068782e-131  1.303485e+09  1.303485e+09  1.725041e+18  4.699252e-18  1.725041e+18
d   3.271357e-01 2.951486e-132  1.056243e+09  1.056243e+09  1.964164e+18  1.472754e-18  1.964164e+18
d   3.271357e-01 2.951486e-132  1.056243e+09  1.056243e+09  1.964164e+18  1.472754e-18  1.964164e+18
d   3.115578e-01 4.210821e-133  8.548847e+08  8.548847e+08  2.236434e+18  4.576912e-19  2.236434e+18
d   3.115578e-01 4.210821e-133  8.548847e+08  8.548847e+08  2.236434e+18  4.576912e-19  2.236434e+18
d   2.959799e-01 6.007488e-134  6.910930e+08  6.910930e+08  2.546445e+18  1.410442e-19  2.546445e+18
d   2.959799e-01 6.007488e-134  6.910930e+08  6.910930e+08  2.546445e+18  1.410442e-19  2.546445e+18
d   2.804020e-01 8.570753e-135  5.580213e+08  5.580213e+08  2.899429e+18  4.310014e-20  2.899429e+18
d   2.804020e-01 8.570753e-135  5.580213e+08  5.580213e+08  2.899429e+18  4.310014e-20  2.899429e+18
d   2.648241e-01 1.222771e-135  4.500394e+08  4.500394e+08  3.301344e+18  1.305999e-20  3.301344e+18
d   2.648241e-01 1.222771e-135  4.500394e+08  4.500394e+08  3.301344e+18  1.305999e-20  3.301344e+18
d   2.492462e-01 1.744501e-136  3.625230e+08  3.625230e+08  3.758972e+18  3.924166e-21  3.758972e+18
d   2.492462e-01 1.744501e-136  3.625230e+08  3.625230e+08  3.758972e+18  3.924166e-21  3.758972e+18
d   2.336683e-01 2.488841e-137  2.916796e+08  2.916796e+08  4.280035e+18  1.169210e-21  4.280035e+18
d   2.336683e-01 2.488841e-137  2.916796e+08  2.916796e+08  4.280035e+18  1.169210e-21  4.280035e+18
d   2.180905e-01 3.550776e-138  2.344024e+08  2.344024e+08  4.873327e+18  3.454446e-22  4.873327e+18
d   2.180905e-01 3.550776e-138  2.344024e+08  2.344024e+08  4.873327e+18  3.454446e-22  4.873327e+18
d   2.025126e-01 5.065815e-139  1.881496e+08  1.881496e+08  5.548861e+18  1.012057e-22  5.548861e+18
d   2.025126e-01 5.065815e-139  1.881496e+08  1.881496e+08  5.548861e+18  1.012057e-22  5.548861e+18
d   1.869347e-01 7.227289e-140  1.508447e+08  1.508447e+08  6.318036e+18  2.940166e-23  6.318036e+18
d   1.869347e-01 7.227289e-140  1.508447e+08  1.508447e+08  6.318036e+18  2.940166e-23  6.318036e+18
d   1.713568e-01 1.031102e-140  1.207931e+08  1.207931e+08  7.193833e+18  8.469924e-24  7.193833e+18
d   1.713568e-01 1.031102e-140  1.207931e+08  1.207931e+08  7.193833e+18  8.469924e-24  7.193833e+18
d   1.557789e-01 1.471050e-141  9.661390e+07  9.661390e+07  8.191032e+18  2.419512e-24  8.191032e+18
d   1.557789e-01 1.471050e-141  9.661390e+07  9.661390e+07  8.191032e+18  2.419512e-24  8.191032e+18
d   1.402010e-01 2.098716e-142  7.718315e+07  7.718315e+07  9.326461e+18  6.853566e-25  9.326461e+18
d   1.402010e-01 2.098716e-142  7.718315e+07  7.718315e+07  9.326461e+18  6.853566e-25  9.326461e+18
d   1.246231e-01 2.994192e-143  6.158725e+07  6.158725e+07  1.061928e+19  1.925068e-25  1.061928e+19
d   1.246231e-01 2.994192e-143  6.158725e+07  6.158725e+07  1.061928e+19  1.925068e-25  1.061928e+19
d   1.090452e-01 4.271749e-144  4.908451e+07  4.908451e+07  1.209131e+19  5.361868e-26  1.209131e+19
d   1.090452e-01 4.271749e-144  4.908451e+07  4.908451e+07  1.209131e+19  5.361868e-26  1.209131e+19
d   9.346734e-02 6.094412e-145  3.907361e+07  3.907361e+07  1.376739e+19  1.480904e-26  1.376739e+19
d   9.346734e-02 6.094412e-145  3.907361e+07  3.907361e+07  1.376739e+19  1.480904e-26  1.376739e+19
d   7.788945e-02 8.694766e-146  3.106763e+07  3.106763e+07  1.567581e+19  4.055815e-27  1.567581e+19
d   7.788945e-02 8.694766e-146  3.106763e+07  3.106763e+07  1.567581e+19  4.055815e-27  1.567581e+19
d   6.231156e-02 1.240463e-146  2.467277e+07  2.467277e+07  1.784877e+19  1.101463e-27  1.784877e+19
d   6.231156e-02 1.240463e-146  2.467277e+07  2.467277e+07  1.784877e+19  1.101463e-27  1.784877e+19
d   4.673367e-02 1.769742e-147  1.957101e+07  1.957101e+07  2.032294e+19  2.966214e-28  2.032294e+19
d   4.673367e-02 1.769742e-147  1.957101e+07  1.957101e+07  2.032294e+19  2.966214e-28  2.032294e+19
d   3.115578e-02 2.524853e-148  1.550579e+07  1.550579e+07  2.314007e+19  7.920920e-29  2.314007e+19
d   3.115578e-02 2.524853e-148  1.550579e+07  1.550579e+07  2.314007e+19  7.920920e-29  2.314007e+19
d   1.557789e-02 3.602153e-149  1.227044e+07  1.227044e+07  2.634772e+19  2.097439e-29  2.634772e+19
d   1.557789e-02 3.602153e-149  1.227044e+07  1.227044e+07  2.634772e+19  2.097439e-29  2.634772e+19
d   0.000000e+00 5.139114e-150  9.698654e+06  9.698654e+06  3.000000e+19  5.507363e-30  3.000000e+19
d   0.000000e+00 5.139114e-150  9.698654e+06  9.698654e+06  3.000000e+19  5.507363e-30  3.000000e+19
