ID-VG calculated with IGZO.TOKYO
101 8 8
gate bias
Drain_253K
Drain_273K
Drain_300K
Drain_313K
Drain_333K
Drain_358K
Drain_393K
-5 1.31427e-17 3.71188e-17 -4.91895e-18 -2.5431e-17 1.65332e-17 5.36189e-18 4.41869e-17
-4.75 8.03161e-18 -1.2929e-17 -9.83816e-18 2.54309e-17 -7.08572e-18 -1.60854e-17 3.15626e-18
-4.5 7.30164e-19 1.16778e-17 -1.86924e-17 1.48348e-17 7.55802e-17 1.87661e-17 2.84057e-17
-4.25 -2.33647e-17 -1.08437e-17 -8.85427e-18 -2.01329e-17 2.12569e-17 4.82553e-17 3.78745e-17
-4 1.24125e-17 -3.00287e-17 -1.96746e-18 -1.69541e-17 -2.36204e-18 -4.55749e-17 3.47182e-17
-3.75 3.28566e-18 -2.08528e-18 5.90284e-18 -3.39079e-17 1.65333e-17 -2.68091e-18 2.20933e-17
-3.5 -7.66654e-18 2.21045e-17 -1.08219e-17 -1.05954e-18 3.30664e-17 -2.41281e-17 -5.0568e-22
-3.25 -1.46029e-17 -2.04362e-17 1.27895e-17 2.11928e-18 -1.18093e-17 1.17958e-16 9.46876e-18
-3 -4.38089e-18 7.50715e-18 3.14819e-17 -4.23848e-18 7.08548e-18 2.41276e-17 -9.46864e-18
-2.75 4.01584e-18 1.04267e-17 -9.75765e-23 -3.17886e-18 7.08557e-18 -5.09365e-17 7.25933e-17
-2.5 1.4968e-17 -2.29386e-17 -1.5741e-17 3.3908e-17 -3.07045e-17 -2.68087e-17 1.07312e-16
-2.25 1.56981e-17 -4.17085e-19 1.57409e-17 -2.11926e-17 9.44738e-18 2.68087e-17 5.68148e-17
-2 9.49191e-18 -1.27278e-23 1.27895e-17 -3.92061e-17 -2.1257e-17 2.949e-17 1.48358e-16
-1.75 1.4603e-17 2.21045e-17 -6.88672e-18 -6.46371e-17 7.08577e-18 -4.82532e-17 1.16847e-16
-1.5 -7.30211e-19 2.41899e-17 2.95145e-17 -1.6954e-17 6.6133e-17 6.16693e-17 5.55727e-16
-1.25 3.2857e-18 2.08531e-18 1.5741e-17 6.35811e-18 -3.07018e-17 1.26035e-16 1.3579e-15
-1 -1.9714e-17 2.75263e-17 2.95146e-17 1.90742e-17 1.03932e-16 2.41392e-16 3.83379e-15
-0.75 -1.13173e-17 3.33652e-18 2.36121e-17 2.43747e-17 1.03955e-16 9.70839e-16 1.13022e-14
-0.5 -1.20474e-17 -1.50143e-17 2.95414e-18 3.49808e-17 4.53595e-16 3.04931e-15 3.21098e-14
-0.25 1.09521e-18 5.42224e-18 7.0846e-17 2.59661e-16 1.4884e-15 9.96051e-15 9.19524e-14
0 1.82537e-17 4.87983e-17 3.12904e-16 1.05984e-15 5.56848e-15 3.35475e-14 2.69478e-13
0.25 2.51906e-17 8.30053e-17 1.4189e-15 4.46938e-15 2.15959e-14 1.16511e-13 8.19718e-13
0.5 3.14e-17 5.49333e-16 7.17815e-15 2.08748e-14 8.96628e-14 4.27268e-13 2.6051e-12
0.75 4.17675e-16 3.62845e-15 3.92619e-14 1.04545e-13 3.97375e-13 1.65872e-12 8.64176e-12
1 3.88431e-15 2.7008e-14 2.321e-13 5.61064e-13 1.86746e-12 6.73907e-12 2.93007e-11
1.25 3.88449e-14 2.16503e-13 1.44674e-12 3.14817e-12 9.03268e-12 2.74793e-11 9.55219e-11
1.5 4.06619e-13 1.78192e-12 8.99343e-12 1.72887e-11 4.13565e-11 1.01509e-10 2.69194e-10
1.75 4.11043e-12 1.35572e-11 4.82042e-11 7.93057e-11 1.52254e-10 2.95078e-10 6.05808e-10
2 3.16925e-11 7.36969e-11 1.78167e-10 2.52131e-10 3.99532e-10 6.44504e-10 1.10444e-09
2.25 1.3437e-10 2.35401e-10 4.34175e-10 5.57471e-10 7.83634e-10 1.12935e-09 1.72992e-09
2.5 3.3269e-10 5.00605e-10 7.97151e-10 9.69455e-10 1.27228e-09 1.71445e-09 2.4482e-09
2.75 6.07152e-10 8.44005e-10 1.23858e-09 1.45928e-09 1.83717e-09 2.37301e-09 3.23528e-09
3 9.38356e-10 1.2456e-09 1.73866e-09 2.00748e-09 2.45955e-09 3.0874e-09 4.07521e-09
3.25 1.314e-09 1.69282e-09 2.28483e-09 2.60163e-09 3.12733e-09 3.84603e-09 4.95721e-09
3.5 1.72631e-09 2.17759e-09 2.86887e-09 3.23354e-09 3.8324e-09 4.641e-09 5.8738e-09
3.75 2.1701e-09 2.69444e-09 3.48514e-09 3.89751e-09 4.56906e-09 5.46671e-09 6.81957e-09
4 2.64165e-09 3.23946e-09 4.12955e-09 4.58943e-09 5.33317e-09 6.31901e-09 7.79048e-09
4.25 3.13822e-09 3.80973e-09 4.79903e-09 5.30617e-09 6.12158e-09 7.19478e-09 8.78345e-09
4.5 3.65765e-09 4.40297e-09 5.49118e-09 6.0453e-09 6.93184e-09 8.09153e-09 9.79604e-09
4.75 4.19823e-09 5.01734e-09 6.20409e-09 6.80489e-09 7.76197e-09 9.00729e-09 1.08263e-08
5 4.75854e-09 5.65136e-09 6.93618e-09 7.58333e-09 8.61036e-09 9.94046e-09 1.18726e-08
5.25 5.33738e-09 6.30376e-09 7.68613e-09 8.3793e-09 9.47566e-09 1.08897e-08 1.29337e-08
5.5 5.93373e-09 6.97346e-09 8.45284e-09 9.19167e-09 1.03567e-08 1.18538e-08 1.40084e-08
5.75 6.54669e-09 7.65953e-09 9.23533e-09 1.00195e-08 1.12526e-08 1.28319e-08 1.50957e-08
6 7.17547e-09 8.36115e-09 1.00328e-08 1.08618e-08 1.21624e-08 1.3823e-08 1.61948e-08
6.25 7.81938e-09 9.0776e-09 1.08444e-08 1.1718e-08 1.30854e-08 1.48265e-08 1.73051e-08
6.5 8.47778e-09 9.80821e-09 1.16695e-08 1.25873e-08 1.4021e-08 1.58417e-08 1.84258e-08
6.75 9.15009e-09 1.05524e-08 1.25076e-08 1.34692e-08 1.49685e-08 1.68679e-08 1.95564e-08
7 9.83579e-09 1.13096e-08 1.33581e-08 1.43631e-08 1.59273e-08 1.79048e-08 2.06965e-08
7.25 1.05344e-08 1.20794e-08 1.42204e-08 1.52686e-08 1.68971e-08 1.89518e-08 2.18454e-08
7.5 1.12454e-08 1.28613e-08 1.50942e-08 1.61851e-08 1.78774e-08 2.00084e-08 2.30029e-08
7.75 1.19685e-08 1.36549e-08 1.5979e-08 1.71122e-08 1.88677e-08 2.10743e-08 2.41686e-08
8 1.27033e-08 1.44597e-08 1.68745e-08 1.80497e-08 1.98677e-08 2.21492e-08 2.53421e-08
8.25 1.34493e-08 1.52755e-08 1.77802e-08 1.8997e-08 2.08771e-08 2.32326e-08 2.6523e-08
8.5 1.42062e-08 1.61018e-08 1.86958e-08 1.9954e-08 2.18955e-08 2.43243e-08 2.77113e-08
8.75 1.49738e-08 1.69384e-08 1.96211e-08 2.09202e-08 2.29226e-08 2.5424e-08 2.89064e-08
9 1.57517e-08 1.77849e-08 2.05557e-08 2.18955e-08 2.39582e-08 2.65315e-08 3.01083e-08
9.25 1.65397e-08 1.86411e-08 2.14994e-08 2.28794e-08 2.50019e-08 2.76464e-08 3.13166e-08
9.5 1.73373e-08 1.95067e-08 2.24519e-08 2.38718e-08 2.60536e-08 2.87685e-08 3.25312e-08
9.75 1.81445e-08 2.03815e-08 2.34129e-08 2.48725e-08 2.71129e-08 2.98977e-08 3.37519e-08
10 1.8961e-08 2.12651e-08 2.43822e-08 2.58811e-08 2.81798e-08 3.10337e-08 3.49785e-08
10.25 1.97864e-08 2.21574e-08 2.53595e-08 2.68975e-08 2.92539e-08 3.21763e-08 3.62107e-08
10.5 2.06207e-08 2.30582e-08 2.63448e-08 2.79214e-08 3.03351e-08 3.33253e-08 3.74485e-08
10.75 2.14635e-08 2.39672e-08 2.73377e-08 2.89528e-08 3.14231e-08 3.44806e-08 3.86916e-08
11 2.23147e-08 2.48842e-08 2.83381e-08 2.99913e-08 3.25179e-08 3.5642e-08 3.994e-08
11.25 2.31741e-08 2.58091e-08 2.93458e-08 3.10368e-08 3.36192e-08 3.68093e-08 4.11934e-08
11.5 2.40415e-08 2.67416e-08 3.03606e-08 3.20891e-08 3.47269e-08 3.79824e-08 4.24518e-08
11.75 2.49167e-08 2.76816e-08 3.13824e-08 3.31481e-08 3.58408e-08 3.91612e-08 4.3715e-08
12 2.57996e-08 2.86289e-08 3.24109e-08 3.42137e-08 3.69608e-08 4.03454e-08 4.49828e-08
12.25 2.66899e-08 2.95834e-08 3.34461e-08 3.52855e-08 3.80867e-08 4.1535e-08 4.62553e-08
12.5 2.75876e-08 3.05448e-08 3.44877e-08 3.63636e-08 3.92183e-08 4.27298e-08 4.75322e-08
12.75 2.84925e-08 3.15132e-08 3.55357e-08 3.74478e-08 4.03557e-08 4.39297e-08 4.88135e-08
13 2.94043e-08 3.24882e-08 3.65899e-08 3.85379e-08 4.14985e-08 4.51347e-08 5.0099e-08
13.25 3.03231e-08 3.34698e-08 3.76502e-08 3.96338e-08 4.26468e-08 4.63445e-08 5.13886e-08
13.5 3.12486e-08 3.44578e-08 3.87164e-08 4.07355e-08 4.38004e-08 4.75591e-08 5.26824e-08
13.75 3.21808e-08 3.54522e-08 3.97885e-08 4.18427e-08 4.49591e-08 4.87784e-08 5.39801e-08
14 3.31194e-08 3.64527e-08 4.08662e-08 4.29553e-08 4.6123e-08 5.00023e-08 5.52816e-08
14.25 3.40644e-08 3.74593e-08 4.19496e-08 4.40734e-08 4.72918e-08 5.12306e-08 5.6587e-08
14.5 3.50157e-08 3.84718e-08 4.30384e-08 4.51966e-08 4.84654e-08 5.24634e-08 5.78961e-08
14.75 3.59731e-08 3.94902e-08 4.41326e-08 4.6325e-08 4.96439e-08 5.37004e-08 5.92088e-08
15 3.69366e-08 4.05143e-08 4.52321e-08 4.74585e-08 5.0827e-08 5.49417e-08 6.05251e-08
15.25 3.7906e-08 4.1544e-08 4.63368e-08 4.85969e-08 5.20147e-08 5.61871e-08 6.18449e-08
15.5 3.88812e-08 4.25793e-08 4.74465e-08 4.97402e-08 5.32069e-08 5.74365e-08 6.31681e-08
15.75 3.98622e-08 4.362e-08 4.85613e-08 5.08882e-08 5.44035e-08 5.86899e-08 6.44947e-08
16 4.08488e-08 4.4666e-08 4.96809e-08 5.20409e-08 5.56045e-08 5.99472e-08 6.58245e-08
16.25 4.18409e-08 4.57173e-08 5.08054e-08 5.31982e-08 5.68097e-08 6.12084e-08 6.71576e-08
16.5 4.28385e-08 4.67738e-08 5.19346e-08 5.43601e-08 5.80191e-08 6.24733e-08 6.84938e-08
16.75 4.38415e-08 4.78353e-08 5.30684e-08 5.55263e-08 5.92327e-08 6.37418e-08 6.98332e-08
17 4.48497e-08 4.89018e-08 5.42068e-08 5.6697e-08 6.04502e-08 6.50141e-08 7.11756e-08
17.25 4.58632e-08 4.99732e-08 5.53498e-08 5.78719e-08 6.16717e-08 6.62898e-08 7.2521e-08
17.5 4.68818e-08 5.10495e-08 5.64971e-08 5.90511e-08 6.28971e-08 6.75691e-08 7.38693e-08
17.75 4.79054e-08 5.21306e-08 5.76488e-08 6.02343e-08 6.41264e-08 6.88518e-08 7.52205e-08
18 4.8934e-08 5.32163e-08 5.88048e-08 6.14217e-08 6.53594e-08 7.01379e-08 7.65746e-08
18.25 4.99675e-08 5.43066e-08 5.9965e-08 6.26131e-08 6.65962e-08 7.14273e-08 7.79314e-08
18.5 5.10058e-08 5.54015e-08 6.11293e-08 6.38085e-08 6.78365e-08 7.272e-08 7.9291e-08
18.75 5.20489e-08 5.65009e-08 6.22977e-08 6.50077e-08 6.90805e-08 7.40159e-08 8.06533e-08
19 5.30967e-08 5.76047e-08 6.34702e-08 6.62108e-08 7.0328e-08 7.53149e-08 8.20183e-08
19.25 5.41492e-08 5.87128e-08 6.46466e-08 6.74176e-08 7.1579e-08 7.66171e-08 8.33858e-08
19.5 5.52062e-08 5.98253e-08 6.58269e-08 6.86282e-08 7.28334e-08 7.79223e-08 8.47559e-08
19.75 5.62677e-08 6.09419e-08 6.70111e-08 6.98424e-08 7.40912e-08 7.92306e-08 8.61286e-08
20 5.73336e-08 6.20628e-08 6.81991e-08 7.10603e-08 7.53523e-08 8.05418e-08 8.75037e-08
