Quest Tonyplot Data
25 31 31
Frequency
S_1_1_R
S_1_1_I
S_1_2_R
S_1_2_I
S_2_1_R
S_2_1_I
S_2_2_R
S_2_2_I
-S_1_1_R
-S_1_1_I
1-S_1_1_R
1-S_1_1_I
1+S_1_1_R
1+S_1_1_I
1+S_2_2_R
1+S_2_2_I
S_1_2*S_2_1_R
S_1_2*S_2_1_I
1-S_1_1*1+S_2_2_R
1-S_1_1*1+S_2_2_I
1+S_1_1*1+S_2_2_R
1+S_1_1*1+S_2_2_I
A_R
A_I
B_R
B_I
A/B_R
A/B_I
Y_1_1_R
Y_1_1_I
8e+08 0.0240398 0.00367199 0.975907 -0.0132911 0.975922 -0.0132828 0.0240502 0.00368908 -0.0240398 -0.00367199 0.97596 -0.00367199 1.02404 0.00367199 1.02405 0.00368908 0.952233 -0.0259339 0.999446 -0.000159907 1.04865 0.00753807 1.95168 -0.0260938 0.096422 0.0334719 17.9803 -6.5123 0.359606 -0.130246
1.6e+09 0.0253668 0.00385489 0.974409 -0.0231299 0.974471 -0.0230871 0.025414 0.00391657 -0.0253668 -0.00385489 0.974633 -0.00385489 1.02537 0.00385489 1.02541 0.00391657 0.948999 -0.0450357 0.999418 -0.000135639 1.05141 0.00796878 1.94842 -0.0451713 0.102411 0.0530045 14.8257 -8.11437 0.296515 -0.162287
2.4e+09 0.0263513 0.00319563 0.97312 -0.0321496 0.97327 -0.0320553 0.0264716 0.00331998 -0.0263513 -0.00319563 0.973649 -0.00319563 1.02635 0.00319563 1.02647 0.00331998 0.946078 -0.0624839 0.999433 -4.77292e-05 1.05351 0.00668769 1.94551 -0.0625316 0.107432 0.0691716 12.5371 -8.65424 0.250742 -0.173085
3.2e+09 0.0270221 0.00207859 0.972018 -0.0407371 0.972291 -0.0405734 0.0272488 0.00228424 -0.0270221 -0.00207859 0.972978 -0.00207859 1.02702 0.00207859 1.02725 0.00228424 0.943432 -0.0790464 0.999495 8.7286e-05 1.055 0.00448119 1.94293 -0.0789591 0.111571 0.0835276 10.8201 -8.80814 0.216401 -0.176163
4e+09 0.0274492 0.000844787 0.971015 -0.0492159 0.971459 -0.0489759 0.0278254 0.00113942 -0.0274492 -0.000844787 0.972551 -0.000844787 1.02745 0.000844787 1.02783 0.00113942 0.940891 -0.0953676 0.999613 0.00023985 1.05604 0.00203899 1.9405 -0.0951277 0.115147 0.0974066 9.41568 -8.7912 0.188314 -0.175824
4.8e+09 0.0278161 -0.000802199 0.96995 -0.0572924 0.970596 -0.0569687 0.0283698 -0.000410125 -0.0278161 0.000802199 0.972184 0.000802199 1.02782 -0.000802199 1.02837 -0.000410125 0.938166 -0.110865 0.999765 0.00042624 1.05697 -0.00124649 1.93793 -0.110438 0.118809 0.109618 8.34762 -8.63141 0.166952 -0.172628
5.6e+09 0.0279973 -0.00233527 0.968919 -0.0654785 0.969822 -0.0650738 0.0287801 -0.00184777 -0.0279973 0.00233527 0.972003 0.00233527 1.028 -0.00233527 1.02878 -0.00184777 0.935418 -0.126554 0.999981 0.000606442 1.05758 -0.00430198 1.9354 -0.125947 0.122161 0.122252 7.40013 -8.43663 0.148003 -0.168733
6.4e+09 0.0281149 -0.00406851 0.967829 -0.0734534 0.969017 -0.0729752 0.0291528 -0.00349206 -0.0281149 0.00406851 0.971885 0.00406851 1.02811 -0.00406851 1.02915 -0.00349206 0.932482 -0.141805 1.00023 0.000793237 1.05807 -0.00777736 1.93271 -0.141012 0.125591 0.134028 6.63471 -8.20321 0.132694 -0.164064
7.2e+09 0.0281706 -0.00599274 0.966663 -0.0812387 0.96818 -0.0806852 0.029504 -0.00532449 -0.0281706 0.00599274 0.971829 0.00599274 1.02817 -0.00599274 1.0295 -0.00532449 0.929349 -0.156649 1.00053 0.000995054 1.05847 -0.011644 1.92988 -0.155654 0.129125 0.145005 6.01133 -7.95608 0.120227 -0.159122
8e+09 0.0281076 -0.00775954 0.965482 -0.089158 0.967367 -0.0885433 0.0297728 -0.00701248 -0.0281076 0.00775954 0.971892 0.00775954 1.02811 -0.00775954 1.02977 -0.00701248 0.926081 -0.171735 1.00088 0.00117519 1.05866 -0.0152001 1.92696 -0.17056 0.132582 0.156535 5.43666 -7.70536 0.108733 -0.154107
8.8e+09 0.0279672 -0.00964948 0.96424 -0.0969458 0.966537 -0.0962762 0.0300047 -0.0088288 -0.0279672 0.00964948 0.972033 0.00964948 1.02797 -0.00964948 1.03 -0.0088288 0.92264 -0.186535 1.00128 0.00135713 1.05873 -0.0190147 1.92392 -0.185178 0.136086 0.16752 4.95461 -7.45982 0.0990922 -0.149196
9.6e+09 0.0277338 -0.0116088 0.962964 -0.104635 0.965706 -0.103926 0.0301747 -0.0107289 -0.0277338 0.0116088 0.972266 0.0116088 1.02773 -0.0116088 1.03017 -0.0107289 0.919066 -0.201124 1.00173 0.00152775 1.05862 -0.0229855 1.92079 -0.199596 0.139555 0.178138 4.54025 -7.22574 0.0908051 -0.144515
1.04e+10 0.0274508 -0.0135971 0.961592 -0.112285 0.96483 -0.111543 0.0303426 -0.0126631 -0.0274508 0.0135971 0.972549 0.0135971 1.02745 -0.0135971 1.03034 -0.0126631 0.915248 -0.215595 1.00223 0.00169418 1.05845 -0.0270204 1.91748 -0.213901 0.143206 0.188574 4.17809 -6.99539 0.0835618 -0.139908
1.12e+10 0.0271372 -0.0155444 0.960122 -0.119937 0.963893 -0.119183 0.0305129 -0.0145759 -0.0271372 0.0155444 0.972863 0.0155444 1.02714 -0.0155444 1.03051 -0.0145759 0.91116 -0.230037 1.00277 0.00183835 1.05825 -0.0309902 1.91393 -0.228198 0.147091 0.199047 3.85437 -6.76722 0.0770874 -0.135344
1.2e+10 0.0267883 -0.0174978 0.958534 -0.127571 0.962895 -0.126811 0.030703 -0.0164983 -0.0267883 0.0174978 0.973212 0.0174978 1.02679 -0.0174978 1.0307 -0.0164983 0.90679 -0.24439 1.00338 0.0019787 1.05803 -0.0349753 1.91017 -0.242411 0.151235 0.209415 3.56859 -6.54431 0.0713719 -0.130886
1.28e+10 0.0264871 -0.0194322 0.956793 -0.135155 0.961759 -0.134437 0.0309534 -0.0184479 -0.0264871 0.0194322 0.973513 0.0194322 1.02649 -0.0194322 1.03095 -0.0184479 0.902034 -0.258615 1.004 0.00207442 1.0579 -0.0389702 1.90604 -0.25654 0.155867 0.219645 3.31882 -6.32268 0.0663763 -0.126454
1.36e+10 0.0260007 -0.0214394 0.955047 -0.14267 0.960713 -0.141981 0.03111 -0.0204565 -0.0260007 0.0214394 0.973999 0.0214394 1.026 -0.0214394 1.03111 -0.0204565 0.89727 -0.272663 1.00474 0.00218176 1.05748 -0.0430948 1.90201 -0.270482 0.160211 0.229569 3.09597 -6.12453 0.0619193 -0.122491
1.44e+10 0.0254529 -0.0233953 0.953262 -0.150213 0.959638 -0.149552 0.0312118 -0.0224105 -0.0254529 0.0233953 0.974547 0.0233953 1.02545 -0.0233953 1.03121 -0.0224105 0.892322 -0.286712 1.00549 0.00228542 1.05693 -0.0471064 1.89781 -0.284427 0.164613 0.239606 2.89029 -5.93487 0.0578058 -0.118697
1.52e+10 0.0249075 -0.0253735 0.951315 -0.157632 0.958467 -0.15709 0.0313798 -0.0244758 -0.0249075 0.0253735 0.975093 0.0253735 1.02491 -0.0253735 1.03138 -0.0244758 0.887042 -0.300527 1.00631 0.00230355 1.05645 -0.0512551 1.89335 -0.298224 0.169406 0.249272 2.71269 -5.75198 0.0542538 -0.11504
1.6e+10 0.0242279 -0.0272399 0.949329 -0.165141 0.95734 -0.16471 0.0314926 -0.0264205 -0.0242279 0.0272399 0.975772 0.0272399 1.02423 -0.0272399 1.03149 -0.0264205 0.88163 -0.31446 1.00722 0.00231737 1.05576 -0.0551584 1.88885 -0.312143 0.174134 0.259302 2.54176 -5.57747 0.0508351 -0.111549
1.68e+10 0.0236371 -0.029153 0.947095 -0.172548 0.956031 -0.172271 0.0317571 -0.0284506 -0.0236371 0.029153 0.976363 0.029153 1.02364 -0.029153 1.03176 -0.0284506 0.875727 -0.328118 1.0082 0.0023007 1.05532 -0.0592019 1.88393 -0.325818 0.179588 0.268916 2.39761 -5.40444 0.0479522 -0.108089
1.76e+10 0.0228743 -0.0309108 0.94487 -0.180046 0.954807 -0.179954 0.0319218 -0.0303552 -0.0228743 0.0309108 0.977126 0.0309108 1.02287 -0.0309108 1.03192 -0.0303552 0.869768 -0.341942 1.00926 0.00223668 1.05459 -0.0629471 1.87902 -0.339706 0.184819 0.278995 2.25457 -5.24144 0.0450914 -0.104829
1.84e+10 0.02223 -0.0327968 0.942389 -0.187267 0.953373 -0.187495 0.0322501 -0.0325176 -0.02223 0.0327968 0.97777 0.0327968 1.02223 -0.0327968 1.03225 -0.0325176 0.863337 -0.355229 1.01037 0.00205977 1.05413 -0.067095 1.87371 -0.353169 0.190794 0.288134 2.14139 -5.08494 0.0428278 -0.101699
1.92e+10 0.0213532 -0.0345303 0.939956 -0.194653 0.952084 -0.195151 0.0324379 -0.0344769 -0.0213532 0.0345303 0.978647 0.0345303 1.02135 -0.0345303 1.03244 -0.0344769 0.85693 -0.368759 1.01158 0.00190968 1.05329 -0.0708635 1.86851 -0.36685 0.196363 0.297896 2.02375 -4.93838 0.0404749 -0.0987677
2e+10 0.0205499 -0.0362622 0.937242 -0.201919 0.950631 -0.20279 0.032812 -0.0365335 -0.0205499 0.0362622 0.97945 0.0362622 1.02055 -0.0362622 1.03281 -0.0365335 0.850024 -0.382014 1.01291 0.0016693 1.05271 -0.0747363 1.86294 -0.380344 0.202687 0.307277 1.92413 -4.79352 0.0384825 -0.0958704
