Electron Conc vs Depth
363 2 2
Depth
Electron Conc
0 2.93592e-39
0.0499133 3.75489e+16
0.0751221 4.44972e+16
0.0878538 4.68536e+16
0.0942839 4.62288e+16
0.0975315 3.73186e+16
0.0991716 2.36651e+16
0.1 9.29585e+14
0.1 9.29585e+14
0.10089 2.53208e+15
0.102066 4.54548e+15
0.103617 7.03689e+15
0.105665 1.00581e+16
0.108369 1.36263e+16
0.111937 1.76983e+16
0.116648 2.21462e+16
0.122865 2.6744e+16
0.131072 3.11887e+16
0.141906 3.51729e+16
0.156206 3.85073e+16
0.175083 4.12423e+16
0.2 4.37106e+16
0.224917 4.58813e+16
0.243794 4.75881e+16
0.258094 4.89376e+16
0.268928 4.99982e+16
0.277135 5.08255e+16
0.283352 5.14641e+16
0.288063 5.19228e+16
0.291631 5.2021e+16
0.294335 5.09423e+16
0.296383 4.68881e+16
0.297934 3.83259e+16
0.29911 2.65855e+16
0.3 1.07662e+15
0.3 1.07662e+15
0.30108 3.35944e+15
0.302402 6.04488e+15
0.304023 9.19885e+15
0.306008 1.28612e+16
0.308439 1.70451e+16
0.311418 2.17383e+16
0.315066 2.68996e+16
0.319536 3.2453e+16
0.325011 3.82849e+16
0.331718 4.42518e+16
0.339935 5.02026e+16
0.35 5.60187e+16
0.360005 6.07078e+16
0.36809 6.39692e+16
0.374624 6.6367e+16
0.379903 6.81927e+16
0.384169 6.96148e+16
0.387617 7.07468e+16
0.390403 7.1704e+16
0.392654 7.26946e+16
0.394473 7.41565e+16
0.395943 7.68816e+16
0.397131 8.2063e+16
0.398091 9.13025e+16
0.398867 1.06697e+17
0.399493 1.31074e+17
0.4 1.75678e+19
0.4 1.75678e+19
0.4005 1.63771e+19
0.401 1.56006e+19
0.4015 1.50162e+19
0.402 1.44593e+19
0.4025 1.37765e+19
0.403 1.27849e+19
0.403 1.27849e+19
0.4035 8.31644e+16
0.404 1.04296e+17
0.4045 1.25258e+17
0.405 1.45314e+17
0.4055 1.63856e+17
0.406 1.80415e+17
0.4065 1.94653e+17
0.407 2.06352e+17
0.4075 2.15392e+17
0.408 2.21738e+17
0.4085 2.25424e+17
0.409 2.2653e+17
0.4095 2.25178e+17
0.41 1.90017e+19
0.41 1.90017e+19
0.4105 1.69243e+19
0.411 1.56216e+19
0.4115 1.47246e+19
0.412 1.39834e+19
0.4125 1.31964e+19
0.413 1.21571e+19
0.413 1.21571e+19
0.4135 7.20011e+16
0.414 9.0408e+16
0.4145 1.08896e+17
0.415 1.26857e+17
0.4155 1.43771e+17
0.416 1.59216e+17
0.4165 1.72864e+17
0.417 1.84479e+17
0.4175 1.93904e+17
0.418 2.01051e+17
0.4185 2.05891e+17
0.419 2.0844e+17
0.4195 2.0875e+17
0.42 1.86511e+19
0.42 1.86511e+19
0.4205 1.66023e+19
0.421 1.53134e+19
0.4215 1.44232e+19
0.422 1.36861e+19
0.4225 1.2904e+19
0.423 1.18741e+19
0.423 1.18741e+19
0.4235 6.78618e+16
0.424 8.57075e+16
0.4245 1.03849e+17
0.425 1.21714e+17
0.4255 1.388e+17
0.426 1.54681e+17
0.4265 1.69011e+17
0.427 1.81521e+17
0.4275 1.92015e+17
0.428 2.00358e+17
0.4285 2.06468e+17
0.429 2.10307e+17
0.4295 2.11877e+17
0.43 1.87664e+19
0.43 1.87664e+19
0.4305 1.67394e+19
0.431 1.5477e+19
0.4315 1.46231e+19
0.432 1.39405e+19
0.4325 1.32437e+19
0.433 1.23487e+19
0.433 1.23487e+19
0.433503 8.04607e+16
0.434011 1.06726e+17
0.434524 1.3495e+17
0.435042 1.64302e+17
0.435566 1.94001e+17
0.436095 2.23352e+17
0.436629 2.51774e+17
0.437169 2.78809e+17
0.437714 3.04118e+17
0.438265 3.27477e+17
0.438821 3.4876e+17
0.439384 3.67921e+17
0.439952 3.84984e+17
0.440525 4.00018e+17
0.441105 4.13132e+17
0.44169 4.24454e+17
0.442282 4.34128e+17
0.442879 4.42302e+17
0.443483 4.49125e+17
0.444093 4.54741e+17
0.444708 4.59286e+17
0.445331 4.62886e+17
0.445959 4.65658e+17
0.446594 4.67708e+17
0.447236 4.6913e+17
0.447884 4.70009e+17
0.448538 4.7042e+17
0.4492 4.70429e+17
0.449868 4.70093e+17
0.450543 4.69462e+17
0.451225 4.68581e+17
0.451913 4.67486e+17
0.452609 4.66209e+17
0.453312 4.64779e+17
0.454022 4.63219e+17
0.454739 4.6155e+17
0.455464 4.59788e+17
0.456196 4.57949e+17
0.456935 4.56044e+17
0.457682 4.54084e+17
0.458437 4.52078e+17
0.459199 4.50033e+17
0.459969 4.47956e+17
0.460747 4.45851e+17
0.461533 4.43723e+17
0.462327 4.41575e+17
0.463129 4.39411e+17
0.463939 4.37232e+17
0.464758 4.35041e+17
0.465585 4.32838e+17
0.46642 4.30627e+17
0.467264 4.28407e+17
0.468116 4.26178e+17
0.468977 4.23943e+17
0.469847 4.217e+17
0.470726 4.19451e+17
0.471614 4.17195e+17
0.47251 4.14933e+17
0.473416 4.12663e+17
0.474331 4.10387e+17
0.475256 4.08103e+17
0.47619 4.05812e+17
0.477133 4.03513e+17
0.478087 4.01205e+17
0.479049 3.98888e+17
0.480022 3.96561e+17
0.481005 3.94223e+17
0.481997 3.91874e+17
0.483 3.89513e+17
0.484 3.87169e+17
0.485 3.84834e+17
0.486 3.82507e+17
0.487 3.80187e+17
0.488 3.77872e+17
0.489 3.7556e+17
0.49 3.73251e+17
0.491 3.70942e+17
0.492 3.68631e+17
0.493 3.66315e+17
0.494 3.63992e+17
0.495 3.61658e+17
0.496 3.59311e+17
0.497 3.56944e+17
0.498 3.54554e+17
0.499 3.52133e+17
0.5 3.49675e+17
0.501 3.4717e+17
0.502 3.44609e+17
0.503 3.41977e+17
0.504 3.39259e+17
0.505 3.36437e+17
0.506 3.33487e+17
0.507 3.30383e+17
0.508 3.27092e+17
0.509 3.23573e+17
0.51 3.1978e+17
0.511 3.15657e+17
0.512 3.11136e+17
0.513 3.06139e+17
0.514 3.00574e+17
0.515 2.94337e+17
0.516 2.87306e+17
0.517 2.79349e+17
0.518 2.7032e+17
0.519 2.60067e+17
0.52 2.48438e+17
0.521 2.35295e+17
0.522 2.20529e+17
0.523 2.04084e+17
0.524 1.85989e+17
0.525 1.66384e+17
0.526 1.45562e+17
0.527 1.23987e+17
0.528 1.02305e+17
0.529 8.13138e+16
0.53 6.1901e+16
0.531 4.49181e+16
0.532 3.10249e+16
0.533 8.37894e+18
0.533 8.37894e+18
0.534028 4.63082e+18
0.535129 2.70886e+18
0.536307 1.70366e+18
0.537569 1.15755e+18
0.53892 8.46594e+17
0.540367 6.61272e+17
0.541916 5.4653e+17
0.543574 4.73431e+17
0.54535 4.25971e+17
0.547251 3.94831e+17
0.549287 3.74307e+17
0.551466 3.60759e+17
0.5538 3.51784e+17
0.556299 3.45766e+17
0.558975 3.41614e+17
0.561839 3.38597e+17
0.564907 3.36237e+17
0.568191 3.34233e+17
0.571707 3.32399e+17
0.575472 3.30628e+17
0.579504 3.28861e+17
0.58382 3.2707e+17
0.588442 3.2524e+17
0.593391 3.23367e+17
0.598689 3.21452e+17
0.604362 3.19498e+17
0.610436 3.17508e+17
0.61694 3.15489e+17
0.623904 3.13446e+17
0.63136 3.11386e+17
0.639344 3.09315e+17
0.647892 3.07242e+17
0.657044 3.05174e+17
0.666844 3.0312e+17
0.677336 3.01088e+17
0.688571 2.99087e+17
0.7006 2.97126e+17
0.71348 2.95213e+17
0.72727 2.93357e+17
0.742036 2.91566e+17
0.757846 2.89848e+17
0.774773 2.8821e+17
0.792898 2.86658e+17
0.812305 2.85199e+17
0.833084 2.83836e+17
0.855332 2.82574e+17
0.879153 2.81414e+17
0.904659 2.80358e+17
0.931969 2.79406e+17
0.961209 2.78556e+17
0.992518 2.77807e+17
1.02604 2.77154e+17
1.06193 2.76591e+17
1.10036 2.76114e+17
1.14151 2.75715e+17
1.18557 2.75387e+17
1.23275 2.75122e+17
1.28326 2.74912e+17
1.33734 2.74748e+17
1.39524 2.74624e+17
1.45724 2.74531e+17
1.52363 2.74464e+17
1.59471 2.74416e+17
1.67082 2.74383e+17
1.7523 2.74361e+17
1.83955 2.74347e+17
1.93297 2.74338e+17
2.033 2.74333e+17
2.13297 2.7433e+17
2.22691 2.74328e+17
2.31517 2.74327e+17
2.3981 2.74327e+17
2.47601 2.74326e+17
2.54923 2.74326e+17
2.61802 2.74326e+17
2.68265 2.74326e+17
2.74339 2.74326e+17
2.80045 2.74326e+17
2.85407 2.74326e+17
2.90444 2.74326e+17
2.95178 2.74326e+17
2.99625 2.74326e+17
3.03804 2.74326e+17
3.07731 2.74326e+17
3.1142 2.74326e+17
3.14887 2.74326e+17
3.18144 2.74326e+17
3.21204 2.74326e+17
3.2408 2.74326e+17
3.26782 2.74326e+17
3.2932 2.74326e+17
3.31705 2.74326e+17
3.33947 2.74326e+17
3.36053 2.74326e+17
3.38031 2.74326e+17
3.3989 2.74326e+17
3.41637 2.74326e+17
3.43278 2.74326e+17
3.44821 2.74326e+17
3.4627 2.74326e+17
3.47631 2.74326e+17
3.4891 2.74326e+17
3.50112 2.74326e+17
3.51242 2.74326e+17
3.52303 2.74326e+17
3.533 2.74326e+17
