Electron Conc vs Depth
363 2 2
Depth
Electron Conc
0 2.93592e-39
0.0499133 6.48526e+15
0.0751221 8.687e+15
0.0878538 9.61176e+15
0.0942839 9.64827e+15
0.0975315 7.74278e+15
0.0991716 4.83649e+15
0.1 1.44868e+14
0.1 1.44868e+14
0.10089 3.43643e+14
0.102066 6.0073e+14
0.103617 9.31975e+14
0.105665 1.35546e+15
0.108369 1.89055e+15
0.111937 2.55641e+15
0.116648 3.36957e+15
0.122865 4.33968e+15
0.131072 5.46414e+15
0.141906 6.72332e+15
0.156206 8.08044e+15
0.175083 9.49231e+15
0.2 1.09368e+16
0.224917 1.21247e+16
0.243794 1.29472e+16
0.258094 1.35517e+16
0.268928 1.40069e+16
0.277135 1.43529e+16
0.283352 1.46157e+16
0.288063 1.48038e+16
0.291631 1.48605e+16
0.294335 1.4529e+16
0.296383 1.32714e+16
0.297934 1.06828e+16
0.29911 7.23676e+15
0.3 1.96111e+14
0.3 1.96111e+14
0.30108 5.23077e+14
0.302402 9.17477e+14
0.304023 1.39453e+15
0.306008 1.96811e+15
0.308439 2.65142e+15
0.311418 3.45768e+15
0.315066 4.40014e+15
0.319536 5.49094e+15
0.325011 6.73957e+15
0.331718 8.15152e+15
0.339935 9.72749e+15
0.35 1.14644e+16
0.360005 1.30201e+16
0.36809 1.41778e+16
0.374624 1.50604e+16
0.379903 1.57445e+16
0.384169 1.62815e+16
0.387617 1.67099e+16
0.390403 1.70717e+16
0.392654 1.7443e+16
0.394473 1.79811e+16
0.395943 1.89721e+16
0.397131 2.08652e+16
0.398091 2.43299e+16
0.398867 3.04014e+16
0.399493 4.07931e+16
0.4 1.25255e+19
0.4 1.25255e+19
0.4005 1.1726e+19
0.401 1.11509e+19
0.4015 1.06639e+19
0.402 1.01525e+19
0.4025 9.50306e+18
0.403 8.57918e+18
0.403 8.57918e+18
0.4035 2.81003e+16
0.404 3.46697e+16
0.4045 4.14363e+16
0.405 4.8246e+16
0.4055 5.49561e+16
0.406 6.14382e+16
0.4065 6.75806e+16
0.407 7.32886e+16
0.4075 7.84855e+16
0.408 8.31115e+16
0.4085 8.71232e+16
0.409 9.04917e+16
0.4095 9.32014e+16
0.41 1.47461e+19
0.41 1.47461e+19
0.4105 1.28973e+19
0.411 1.16782e+19
0.4115 1.07962e+19
0.412 1.00453e+19
0.4125 9.25737e+18
0.413 8.26755e+18
0.413 8.26755e+18
0.4135 2.56863e+16
0.414 3.16408e+16
0.4145 3.78116e+16
0.415 4.40708e+16
0.4155 5.02974e+16
0.416 5.638e+16
0.4165 6.22186e+16
0.417 6.7726e+16
0.4175 7.28279e+16
0.418 7.7463e+16
0.4185 8.15828e+16
0.419 8.51507e+16
0.4195 8.81409e+16
0.42 1.45126e+19
0.42 1.45126e+19
0.4205 1.26825e+19
0.421 1.14727e+19
0.4215 1.05954e+19
0.422 9.84791e+18
0.4225 9.06487e+18
0.423 8.08459e+18
0.423 8.08459e+18
0.4235 2.45449e+16
0.424 3.04104e+16
0.4245 3.65466e+16
0.425 4.28346e+16
0.4255 4.91594e+16
0.426 5.5413e+16
0.4265 6.14957e+16
0.427 6.73178e+16
0.4275 7.27998e+16
0.428 7.78735e+16
0.4285 8.24812e+16
0.429 8.65758e+16
0.4295 9.01199e+16
0.43 1.46459e+19
0.43 1.46459e+19
0.4305 1.28394e+19
0.431 1.1667e+19
0.4315 1.08475e+19
0.432 1.01895e+19
0.4325 9.54424e+18
0.433 8.77269e+18
0.433 8.77269e+18
0.433503 3.30365e+16
0.434011 4.48051e+16
0.434524 5.82104e+16
0.435042 7.30084e+16
0.435566 8.89121e+16
0.436095 1.05612e+17
0.436629 1.22793e+17
0.437169 1.40156e+17
0.437714 1.5742e+17
0.438265 1.74342e+17
0.438821 1.90712e+17
0.439384 2.06363e+17
0.439952 2.21166e+17
0.440525 2.35029e+17
0.441105 2.47895e+17
0.44169 2.59735e+17
0.442282 2.70547e+17
0.442879 2.80348e+17
0.443483 2.89171e+17
0.444093 2.97061e+17
0.444708 3.04072e+17
0.445331 3.10261e+17
0.445959 3.15692e+17
0.446594 3.20425e+17
0.447236 3.24524e+17
0.447884 3.28046e+17
0.448538 3.31051e+17
0.4492 3.33591e+17
0.449868 3.35715e+17
0.450543 3.37471e+17
0.451225 3.389e+17
0.451913 3.40041e+17
0.452609 3.40927e+17
0.453312 3.41592e+17
0.454022 3.42061e+17
0.454739 3.4236e+17
0.455464 3.42511e+17
0.456196 3.42533e+17
0.456935 3.42443e+17
0.457682 3.42257e+17
0.458437 3.41987e+17
0.459199 3.41645e+17
0.459969 3.4124e+17
0.460747 3.40783e+17
0.461533 3.40279e+17
0.462327 3.39737e+17
0.463129 3.3916e+17
0.463939 3.38554e+17
0.464758 3.37924e+17
0.465585 3.37272e+17
0.46642 3.36602e+17
0.467264 3.35917e+17
0.468116 3.35217e+17
0.468977 3.34507e+17
0.469847 3.33786e+17
0.470726 3.33056e+17
0.471614 3.32319e+17
0.47251 3.31575e+17
0.473416 3.30826e+17
0.474331 3.3007e+17
0.475256 3.2931e+17
0.47619 3.28546e+17
0.477133 3.27777e+17
0.478087 3.27004e+17
0.479049 3.26227e+17
0.480022 3.25446e+17
0.481005 3.24662e+17
0.481997 3.23873e+17
0.483 3.23081e+17
0.484 3.22293e+17
0.485 3.2151e+17
0.486 3.20728e+17
0.487 3.19949e+17
0.488 3.19172e+17
0.489 3.18395e+17
0.49 3.17618e+17
0.491 3.1684e+17
0.492 3.16059e+17
0.493 3.15273e+17
0.494 3.14482e+17
0.495 3.13682e+17
0.496 3.1287e+17
0.497 3.12044e+17
0.498 3.11199e+17
0.499 3.10329e+17
0.5 3.0943e+17
0.501 3.08492e+17
0.502 3.07507e+17
0.503 3.06464e+17
0.504 3.05349e+17
0.505 3.04145e+17
0.506 3.02831e+17
0.507 3.01384e+17
0.508 2.99773e+17
0.509 2.97961e+17
0.51 2.95906e+17
0.511 2.93554e+17
0.512 2.90843e+17
0.513 2.87697e+17
0.514 2.84029e+17
0.515 2.79733e+17
0.516 2.74691e+17
0.517 2.68766e+17
0.518 2.61805e+17
0.519 2.53642e+17
0.52 2.44101e+17
0.521 2.33011e+17
0.522 2.20214e+17
0.523 2.05591e+17
0.524 1.89089e+17
0.525 1.70758e+17
0.526 1.50792e+17
0.527 1.29567e+17
0.528 1.07667e+17
0.529 8.58887e+16
0.53 6.51951e+16
0.531 4.66091e+16
0.532 3.10448e+16
0.533 8.09466e+18
0.533 8.09466e+18
0.534028 4.48181e+18
0.535129 2.62236e+18
0.536307 1.64556e+18
0.537569 1.11225e+18
0.53892 8.06933e+17
0.540367 6.2386e+17
0.541916 5.09683e+17
0.543574 4.36298e+17
0.54535 3.8815e+17
0.547251 3.56192e+17
0.549287 3.34899e+17
0.551466 3.20744e+17
0.5538 3.11393e+17
0.556299 3.05257e+17
0.558975 3.01238e+17
0.561839 2.98582e+17
0.564907 2.96773e+17
0.568191 2.9547e+17
0.571707 2.94452e+17
0.575472 2.93585e+17
0.579504 2.92788e+17
0.58382 2.92018e+17
0.588442 2.91251e+17
0.593391 2.90478e+17
0.598689 2.89694e+17
0.604362 2.88899e+17
0.610436 2.88095e+17
0.61694 2.87285e+17
0.623904 2.86471e+17
0.63136 2.85657e+17
0.639344 2.84847e+17
0.647892 2.84045e+17
0.657044 2.83255e+17
0.666844 2.82481e+17
0.677336 2.81727e+17
0.688571 2.80998e+17
0.7006 2.80298e+17
0.71348 2.7963e+17
0.72727 2.78998e+17
0.742036 2.78406e+17
0.757846 2.77855e+17
0.774773 2.77347e+17
0.792898 2.76885e+17
0.812305 2.76469e+17
0.833084 2.76098e+17
0.855332 2.75772e+17
0.879153 2.75489e+17
0.904659 2.75248e+17
0.931969 2.75045e+17
0.961209 2.74877e+17
0.992518 2.7474e+17
1.02604 2.74631e+17
1.06193 2.74546e+17
1.10036 2.74481e+17
1.14151 2.74433e+17
1.18557 2.74398e+17
1.23275 2.74373e+17
1.28326 2.74356e+17
1.33734 2.74344e+17
1.39524 2.74337e+17
1.45724 2.74332e+17
1.52363 2.74329e+17
1.59471 2.74328e+17
1.67082 2.74327e+17
1.7523 2.74326e+17
1.83955 2.74326e+17
1.93297 2.74326e+17
2.033 2.74326e+17
2.13297 2.74326e+17
2.22691 2.74326e+17
2.31517 2.74326e+17
2.3981 2.74326e+17
2.47601 2.74326e+17
2.54923 2.74326e+17
2.61802 2.74326e+17
2.68265 2.74326e+17
2.74339 2.74326e+17
2.80045 2.74326e+17
2.85407 2.74326e+17
2.90444 2.74326e+17
2.95178 2.74326e+17
2.99625 2.74326e+17
3.03804 2.74326e+17
3.07731 2.74326e+17
3.1142 2.74326e+17
3.14887 2.74326e+17
3.18144 2.74326e+17
3.21204 2.74326e+17
3.2408 2.74326e+17
3.26782 2.74326e+17
3.2932 2.74326e+17
3.31705 2.74326e+17
3.33947 2.74326e+17
3.36053 2.74326e+17
3.38031 2.74326e+17
3.3989 2.74326e+17
3.41637 2.74326e+17
3.43278 2.74326e+17
3.44821 2.74326e+17
3.4627 2.74326e+17
3.47631 2.74326e+17
3.4891 2.74326e+17
3.50112 2.74326e+17
3.51242 2.74326e+17
3.52303 2.74326e+17
3.533 2.74326e+17
