v ATLAS
# This file was created by ATLAS version 5.26.1.R on Tue Apr 17 10:42:45 2018.
#SSF 2.0 generic
##############################################################################
#                    Copyright (c) 1984 - 2018                               #
#                    Silvaco Inc. All rights reserved                        #
#                                                                            #
# This file format and the following Key are copyright Silvaco Inc.          #
# You may not use, this format or key without reproducing this message in    #
# full and obtaining express written permission from Silvaco Inc.            #
#                                                                            #
# To obtain such permission please contact: Silvaco Inc.                     #
#                                           support@silvaco.com              #
#                                                                            #
# KEY=SVC86hn7562asdx                       PROD=345                         #
##############################################################################
o 1 Gain (TE) (led 1) (1/cm) 
o 2 Gain (TE) (led 2) (1/cm) 
o 3 Gain (TE) (led 3) (1/cm) 
o 4 Gain (TE) (led 4) (1/cm) 
o 5 Gain (TM) (led 1) (1/cm) 
o 6 Gain (TM) (led 2) (1/cm) 
o 7 Gain (TM) (led 3) (1/cm) 
o 8 Gain (TM) (led 4) (1/cm) 
o 9 Spontaneous emission (TE) (led 1) (1/(s cm3 eV)) 
o 10 Spontaneous emission (TE) (led 2) (1/(s cm3 eV)) 
o 11 Spontaneous emission (TE) (led 3) (1/(s cm3 eV)) 
o 12 Spontaneous emission (TE) (led 4) (1/(s cm3 eV)) 
o 13 Spontaneous emission (TM)  (led 1) (1/(s cm3 eV)) 
o 14 Spontaneous emission (TM)  (led 2) (1/(s cm3 eV)) 
o 15 Spontaneous emission (TM)  (led 3) (1/(s cm3 eV)) 
o 16 Spontaneous emission (TM)  (led 4) (1/(s cm3 eV)) 
o 17 Flux Spectral Density (led 1)  (1/(s cm eV)) 
o 18 Flux Spectral Density (led 2)  (1/(s cm eV)) 
o 19 Flux Spectral Density (led 3)  (1/(s cm eV)) 
o 20 Flux Spectral Density (led 4)  (1/(s cm eV)) 
o 21 Power Spectral Density (led 1)  (W/(cm ev)) 
o 22 Power Spectral Density (led 2)  (W/(cm ev)) 
o 23 Power Spectral Density (led 3)  (W/(cm ev)) 
o 24 Power Spectral Density (led 4)  (W/(cm ev)) 
p 26  210  309  3000  3001  3002  3003  3004  3005  3006  3007  3008  3009  3010  3011  3012  3013  3014  3015  3016  3017  3018  3019  3020  3021  3022  3023 
d  3.26276868  0.380000013  0  0  0  0  0  0  0  0  0  0  0  0  0  0  0  0  0  0  0  0  0  0  0  0 
d  3.2677622  0.379419328  0  0  0  0  0  0  0  0  0  0  0  0  0  0  0  0  0  0  0  0  0  0  0  0 
d  3.27275573  0.378840416  0  0  0  0  0  0  0  0  0  0  0  0  0  0  0  0  0  0  0  0  0  0  0  0 
d  3.27774925  0.378263267  0  0  0  0  0  0  0  0  0  0  0  0  0  0  0  0  0  0  0  0  0  0  0  0 
d  3.28274278  0.377687874  0  0  0  0  0  0  0  0  0  0  0  0  0  0  0  0  0  0  0  0  0  0  0  0 
d  3.2877363  0.377114229  0  0  0  0  0  0  0  0  0  0  0  0  0  0  0  0  0  0  0  0  0  0  0  0 
d  3.29272982  0.376542324  0  0  0  0  0  0  0  0  0  0  0  0  0  0  0  0  0  0  0  0  0  0  0  0 
d  3.29772335  0.375972151  0  0  0  0  0  0  0  0  0  0  0  0  0  0  0  0  0  0  0  0  0  0  0  0 
d  3.30271687  0.375403702  0  0  0  0  0  0  0  0  0  0  0  0  0  0  0  0  0  0  0  0  0  0  0  0 
d  3.3077104  0.374836969  0  0  0  0  0  0  0  0  0  0  0  0  0  0  0  0  0  0  0  0  0  0  0  0 
d  3.31270392  0.374271945  0  0  0  0  0  0  0  0  0  0  0  0  0  0  0  0  0  0  0  0  0  0  0  0 
d  3.31769744  0.373708622  0  0  0  0  0  0  0  0  0  0  0  0  0  0  0  0  0  0  0  0  0  0  0  0 
d  3.32269097  0.373146992  0  0  0  0  0  0  0  0  0  0  0  0  0  0  0  0  0  0  0  0  0  0  0  0 
d  3.32768449  0.372587047  0  0  0  0  0  0  0  0  0  0  0  0  0  0  0  0  0  0  0  0  0  0  0  0 
d  3.33267802  0.372028781  0  0  0  0  0  0  0  0  0  0  0  0  0  0  0  0  0  0  0  0  0  0  0  0 
d  3.33767154  0.371472185  0  0  0  0  0  0  0  0  0  0  0  0  0  0  0  0  0  0  0  0  0  0  0  0 
d  3.34266507  0.370917252  0  0  0  0  0  0  0  0  0  0  0  0  0  0  0  0  0  0  0  0  0  0  0  0 
d  3.34765859  0.370363974  0  0  0  0  0  0  0  0  0  0  0  0  0  0  0  0  0  0  0  0  0  0  0  0 
d  3.35265211  0.369812345  0  0  0  0  0  0  0  0  0  0  0  0  0  0  0  0  0  0  0  0  0  0  0  0 
d  3.35764564  0.369262356  0  0  0  0  0  0  0  0  0  0  0  0  0  0  0  0  0  0  0  0  0  0  0  0 
d  3.36263916  0.368714001  0  0  0  0  0  0  0  0  0  0  0  0  0  0  0  0  0  0  0  0  0  0  0  0 
d  3.36763269  0.368167272  0  0  0  0  0  0  0  0  0  0  0  0  0  0  0  0  0  0  0  0  0  0  0  0 
d  3.37262621  0.367622162  0  0  0  0  0  0  0  0  0  0  0  0  0  0  0  0  0  0  0  0  0  0  0  0 
d  3.37761973  0.367078664  0  0  0  0  0  0  0  0  0  0  0  0  0  0  0  0  0  0  0  0  0  0  0  0 
d  3.38261326  0.366536771  0  0  0  0  0  0  0  0  0  0  0  0  0  0  0  0  0  0  0  0  0  0  0  0 
d  3.38760678  0.365996475  0  0  0  0  0  0  0  0  0  0  0  0  0  0  0  0  0  0  0  0  0  0  0  0 
d  3.39260031  0.365457769  0  0  0  0  0  0  0  0  0  0  0  0  0  0  0  0  0  0  0  0  0  0  0  0 
d  3.39759383  0.364920647  0  0  0  0  0  0  0  0  0  0  0  0  0  0  0  0  0  0  0  0  0  0  0  0 
d  3.40258736  0.364385102  0  0  0  0  0  0  0  0  0  0  0  0  0  0  0  0  0  0  0  0  0  0  0  0 
d  3.40758088  0.363851126  0  0  0  0  0  0  0  0  0  0  0  0  0  0  0  0  0  0  0  0  0  0  0  0 
d  3.4125744  0.363318713  0  5.68866777e-08  5.61329575e-08  4.15510416e-08  0  0  0  0  0  2.36856197e+18  2.34021831e+18  1.73129602e+18  0  0  0  0  0  71056859.2  70206549.2  51938880.6  0  3.88509774e-11  3.83860627e-11  2.83980505e-11 
d  3.41756793  0.362787856  1.36674511e-07  1.22149395e-06  1.20427407e-06  9.02088049e-07  0  0  0  0  5.70814081e+18  5.11840967e+19  5.05424183e+19  3.783349e+19  0  0  0  0  171244224  1.5355229e+09  1.51627255e+09  1.1350047e+09  9.37663262e-11  8.40789473e-10  8.30248768e-10  6.21482104e-10 
d  3.42256145  0.362258547  2.85078025e-06  2.28235531e-05  2.24808909e-05  1.70928512e-05  0  0  0  0  1.19826327e+20  9.6321035e+20  9.50579388e+20  7.22137549e+20  0  0  0  0  3.5947898e+09  2.88963105e+10  2.85173816e+10  2.16641265e+10  1.97123576e-09  1.58455553e-08  1.56377662e-08  1.18797212e-08 
d  3.42755498  0.361730781  5.13740301e-05  0.000360538041  0.000354759248  0.000274554852  0  0  0  0  2.17490939e+21  1.53384232e+22  1.51280903e+22  1.16957714e+22  0  0  0  0  6.52472816e+10  4.60152697e+11  4.5384271e+11  3.50873143e+11  3.58311432e-08  2.52697074e-07  2.49231887e-07  1.92685205e-07 
d  3.4325485  0.361204551  0.000777662622  0.00469495863  0.00461436213  0.00364358016  0  0  0  0  3.3189378e+22  2.01576943e+23  1.98685927e+23  1.56687178e+23  0  0  0  0  9.9568134e+11  6.04730828e+12  5.96057781e+12  4.70061534e+12  5.47584142e-07  3.325773e-06  3.27807478e-06  2.58514679e-06 
d  3.43754202  0.360679849  0.00965248688  0.049402228  0.0484902961  0.0391355266  0  0  0  0  4.15766832e+23  2.14355523e+24  2.11138274e+24  1.70141518e+24  0  0  0  0  1.2473005e+13  6.43066568e+13  6.33414821e+13  5.10424553e+13  6.86962331e-06  3.54174884e-05  3.48859095e-05  2.81121062e-05 
d  3.44253555  0.36015667  0.0964344916  0.414262644  0.406000702  0.33531618  0  0  0  0  4.19808402e+24  1.81962572e+25  1.7910177e+25  1.47639656e+25  0  0  0  0  1.25942521e+14  5.45887717e+14  5.37305311e+14  4.42918967e+14  6.9464774e-05  0.000301089471  0.000296355765  0.000244296095 
d  3.44752907  0.359635006  0.76595492  2.74672952  2.68722193  2.27253903  0  0  0  0  3.37579745e+25  1.22392401e+26  1.20374325e+26  1.01561501e+26  0  0  0  0  1.01273923e+15  3.67177204e+15  3.61122974e+15  3.04684503e+15  0.000559396036  0.0020281378  0.0019946967  0.00168295349 
d  3.4525226  0.359114852  4.80542982  14.3606155  14.020584  12.1432105  0  4.42222465e-08  4.28480001e-08  3.23167006e-08  2.14873601e+26  6.50847424e+26  6.39577878e+26  5.52349476e+26  0  2.00422713e+18  1.95459996e+18  1.4699665e+18  6.44620803e+15  1.95254228e+16  1.91873364e+16  1.65704843e+16  0.00356578094  0.0108006723  0.0106136566  0.00916612013 
d  3.45751612  0.358596199  23.772752  59.2629132  57.7189319  51.1913122  3.94047042e-07  9.3873376e-07  9.07976599e-07  6.91808572e-07  1.0813214e+27  2.74077981e+27  2.69087958e+27  2.37810684e+27  1.79235243e+19  4.34143783e+19  4.23302305e+19  3.21381622e+19  3.24396424e+16  8.22233955e+16  8.07263886e+16  7.1343206e+16  0.0179702486  0.0455484323  0.0447191511  0.0395212478 
d  3.46250965  0.358079043  92.8970911  193.733899  188.138525  170.816954  7.69692117e-06  1.73112788e-05  1.67080636e-05  1.28938107e-05  4.3125507e+27  9.18043212e+27  9.00447478e+27  8.13952459e+27  3.57313264e+20  8.20326338e+20  7.99662576e+20  6.14397384e+20  1.29376532e+17  2.75412988e+17  2.70134267e+17  2.44185756e+17  0.0717728694  0.152787991  0.14985957  0.135464386 
d  3.46750317  0.357563376  287.945034  504.55848  488.266477  453.596298  0.000128165063  0.000269170294  0.000259091913  0.000203013591  1.36993203e+28  2.46259324e+28  2.41285162e+28  2.22923516e+28  6.09760213e+21  1.31373661e+22  1.28034664e+22  9.97726474e+21  4.10979793e+17  7.38778367e+17  7.23855872e+17  6.68770846e+17  0.228323781  0.410435435  0.402145099  0.371542083 
d  3.47249669  0.357049192  712.454856  1055.54265  1017.0629  966.016974  0.00176936516  0.00343610662  0.00329611401  0.00262815007  3.49210079e+28  5.34160069e+28  5.22777961e+28  4.93120116e+28  8.67255156e+22  1.73885058e+23  1.69422732e+23  1.34158478e+23  1.04763284e+18  1.60248542e+18  1.56833896e+18  1.47936437e+18  0.582860677  0.891558286  0.872560573  0.823058697 
d  3.47749022  0.356536485  1420.2826  1795.479  1720.71494  1668.91617  0.0197817118  0.0352316602  0.0336457527  0.0273511699  7.22052942e+28  9.50261137e+28  9.28877873e+28  8.93048087e+28  1.00567614e+24  1.86464322e+24  1.81626802e+24  1.46357921e+24  2.166189e+18  2.85083935e+18  2.78668811e+18  2.67918817e+18  1.20691331  1.58837292  1.55263043  1.49273579 
d  3.48248374  0.356025249  2313.20591  2528.9885  2406.97259  2379.19587  0.175896729  0.285392211  0.270932021  0.224905512  1.23047533e+29  1.41590613e+29  1.38222015e+29  1.35095435e+29  9.3565638e+24  1.59782689e+25  1.5558453e+25  1.27705786e+25  3.6917067e+18  4.24819775e+18  4.1471272e+18  4.05324616e+18  2.05982393  2.37032356  2.31393026  2.26154841 
d  3.48747727  0.355515476  3143.50037  3029.72759  2857.2837  2869.81697  1.22829169  1.80515303  1.69981046  1.44304032  1.76995076e+29  1.82230947e+29  1.77641924e+29  1.758111e+29  6.91590763e+25  1.08575684e+26  1.05679951e+26  8.84037238e+25  5.31192705e+18  5.47018567e+18  5.33242813e+18  5.27698513e+18  2.9680916  3.05652017  2.97954678  2.94856745 
d  3.49247079  0.355007161  3674.28501  3199.48601  2979.55122  3029.50962  6.67995135  8.83927753  8.22760738  7.15535039  2.22440756e+29  2.11248728e+29  2.05615443e+29  2.04977341e+29  4.0440342e+26  5.83620659e+26  5.67777833e+26  4.84132709e+26  6.68535477e+18  6.35497046e+18  6.18549663e+18  6.16384422e+18  3.74085654  3.55598672  3.46115597  3.44904014 
d  3.49746431  0.354500297  3837.31625  3090.51039  2825.48087  2900.59063  28.1201694  33.2240876  30.3898555  27.1450228  2.553183e+29  2.31162919e+29  2.24646087e+29  2.24384824e+29  1.87099353e+27  2.48508373e+27  2.41621248e+27  2.09989341e+27  7.71567881e+18  7.0094401e+18  6.81186899e+18  6.79454153e+18  4.32355755  3.92780965  3.81709871  3.80738909 
d  3.50245784  0.353994879  3703.03648  2778.36926  2466.06117  2562.26294  90.9962705  94.5692206  84.0504464  77.4948892  2.79617717e+29  2.47294064e+29  2.39955661e+29  2.39468952e+29  6.87116359e+27  8.41731414e+27  8.17837801e+27  7.24266805e+27  8.59466642e+18  7.67134133e+18  7.44402117e+18  7.4013486e+18  4.82298325  4.30485012  4.17728713  4.15334099 
d  3.50745136  0.3534909  3324.98747  2260.84789  1897.73865  2022.75763  223.511093  197.845999  166.395378  160.305896  2.99641551e+29  2.60842808e+29  2.52737303e+29  2.52215823e+29  2.01423949e+28  2.2826262e+28  2.21602269e+28  1.99883974e+28  9.59351839e+18  8.51007211e+18  8.2469259e+18  8.1661266e+18  5.39117441  4.78232085  4.63444318  4.5890372 
d  3.51244489  0.352988354  2673.61521  1494.84847  1082.76919  1243.73598  404.659635  279.012268  202.587464  213.560698  3.14027895e+29  2.68102372e+29  2.59406307e+29  2.59522643e+29  4.75290583e+28  5.00410928e+28  4.8535243e+28  4.4562381e+28  1.08467086e+19  9.54430395e+18  9.2382465e+18  9.12255071e+18  6.10409528  5.37115385  5.19891692  5.13380794 
d  3.51743841  0.352487235  1719.13317  491.37961  39.5825252  232.631572  493.116648  165.937725  13.4041665  73.2221852  3.18127233e+29  2.6565656e+29  2.56667748e+29  2.57844026e+29  9.12517063e+28  8.97115884e+28  8.69175784e+28  8.11579568e+28  1.22813682e+19  1.06610445e+19  1.03075598e+19  1.01700595e+19  6.9212903  6.00814034  5.80893045  5.73144076 
d  3.52243193  0.351987537  513.240688  -670.96507  -1149.42024  -936.049703  239.759405  -354.113594  -608.502462  -465.780432  3.09960679e+29  2.53815754e+29  2.44848846e+29  2.47005059e+29  1.44797538e+29  1.3395572e+29  1.29622849e+29  1.22910271e+29  1.36427465e+19  1.16331442e+19  1.12341509e+19  1.10974599e+19  7.69942393  6.56528426  6.34010826  6.26296532 
d  3.52742546  0.351489253  -836.530287  -1902.80765  -2396.27656  -2173.76891  -556.073201  -1376.91305  -1739.78456  -1498.4531  2.92065347e+29  2.35938432e+29  2.27227891e+29  2.29999228e+29  1.9414684e+29  1.70730187e+29  1.64975773e+29  1.58546317e+29  1.45863656e+19  1.22000586e+19  1.17661099e+19  1.16563663e+19  8.24363497  6.89498892  6.64973837  6.58771566 
d  3.53241898  0.350992378  -2237.78202  -3150.38039  -3651.00838  -3426.1655  -1883.10834  -2798.98623  -3255.09672  -2925.00105  2.69027214e+29  2.1564636e+29  2.07326283e+29  2.10374766e+29  2.26388176e+29  1.91593115e+29  1.84844031e+29  1.79602069e+29  1.48624617e+19  1.22171843e+19  1.17651094e+19  1.1699305e+19  8.41156432  6.91444213  6.65858569  6.62134302 
d  3.53741251  0.350496906  -3644.19478  -4394.77665  -4897.85944  -4674.57683  -3540.2998  -4414.55902  -4937.2407  -4541.17962  2.44549821e+29  1.95223463e+29  1.87358646e+29  1.90487267e+29  2.37577774e+29  1.9610223e+29  1.88865104e+29  1.8505138e+29  1.44638278e+19  1.17397708e+19  1.12867125e+19  1.12661594e+19  8.19752525  6.65363752  6.396862  6.38521332 
d  3.54240603  0.350002831  -5040.85057  -5631.57528  -6134.01605  -5915.53347  -5311.33194  -6071.07802  -6635.39369  -6193.47638  2.20587425e+29  1.75672313e+29  1.68292898e+29  1.71409285e+29  2.3242368e+29  1.89382236e+29  1.82048697e+29  1.79462996e+29  1.35903331e+19  1.09516365e+19  1.05102478e+19  1.05261684e+19  7.71333607  6.21571611  5.96520136  5.97423725 
d  3.54739956  0.349510147  -6422.73136  -6857.92008  -7357.17805  -7146.98559  -7086.23262  -7721.23806  -8309.97472  -7835.19005  1.97892868e+29  1.57324458e+29  1.50444995e+29  1.53502831e+29  2.18336221e+29  1.77129448e+29  1.69928483e+29  1.68284074e+29  1.24868726e+19  1.00336172e+19  9.61120433e+18  9.65360716e+18  7.09704571  5.70271209  5.4626293  5.4867294 
d  3.55239308  0.349018848  -7785.15067  -8069.52675  -8563.20035  -8365.04705  -8846.75567  -9374.07433  -9976.48603  -9478.48641  1.7669667e+29  1.4026776e+29  1.3389414e+29  1.36862257e+29  2.00791523e+29  1.62943931e+29  1.55992265e+29  1.55079468e+29  1.13246458e+19  9.09635074e+18  8.69659217e+18  8.75825176e+18  6.44554218  5.17728444  4.94975761  4.98485182 
d  3.5573866  0.348528928  -9122.45618  -9261.25132  -9746.99388  -9564.70067  -10600.7311  -11040.2127  -11648.6607  -11137.4  1.57059262e+29  1.2451733e+29  1.18648713e+29  1.21501532e+29  1.82510386e+29  1.48435429e+29  1.41797422e+29  1.41479719e+29  1.01870895e+19  8.18858277e+18  7.81338408e+18  7.88943755e+18  5.80624019  4.66717001  4.45332151  4.496669 
d  3.56238013  0.348040382  -10428.7293  -10427.7911  -10903.3365  -10740.6411  -12346.3766  -12714.6148  -13322.4023  -12808.9598  1.38987525e+29  1.10062346e+29  1.04691815e+29  1.07407733e+29  1.64544718e+29  1.34199114e+29  1.27919236e+29  1.28091175e+29  9.1059673e+18  7.32784381e+18  6.97833153e+18  7.06496725e+18  5.19732839  4.18244536  3.98295748  4.03240575 
d  3.56737365  0.347553203  -11698.3022  -11564.0213  -12027.2328  -11887.6711  -14069.979  -14381.4498  -14982.1344  -14478.0788  1.22462757e+29  9.6876087e+28  9.1991184e+28  9.45527302e+28  1.47290469e+29  1.20478729e+29  1.14591969e+29  1.15156439e+29  8.09259679e+18  6.52064448e+18  6.19749458e+18  6.29127509e+18  4.62541086  3.72694458  3.54224477  3.59584603 
d  3.57236718  0.347067387  -12925.9936  -12665.1622  -13114.0814  -13000.8888  -15753.0462  -16021.225  -16608.6687  -16125.2304  1.07447008e+29  8.4918669e+28  8.05020394e+28  8.28961201e+28  1.30946815e+29  1.07420741e+29  1.01953897e+29  1.02817512e+29  7.15181469e+18  5.7701823e+18  5.4736781e+18  5.57140895e+18  4.09341857  3.30262631  3.13291893  3.18885624 
d  3.5773607  0.346582926  -14107.2354  -13726.8959  -14159.7845  -14075.8127  -17377.2658  -17614.6634  -18183.2884  -17730.6898  9.38859691e+28  7.4138941e+28  7.01690832e+28  7.23870338e+28  1.15648559e+29  9.51367662e+28  9.01076342e+28  9.11828025e+28  6.28603585e+18  5.07827121e+18  4.80830152e+18  4.90709509e+18  3.60290987  2.91066642  2.75593035  2.81255496 
d  3.58235422  0.346099817  -15238.156  -14745.4575  -15160.8303  -15108.4826  -18926.6716  -19144.4499  -19689.4861  -19276.4455  8.17116935e+28  6.44764744e+28  6.09285608e+28  6.2965986e+28  1.01490652e+29  8.37116537e+28  7.91283873e+28  8.03363536e+28  5.49607036e+18  4.44564384e+18  4.20170844e+18  4.29907019e+18  3.15452972  2.55162593  2.41161653  2.46749837 
d  3.58734775  0.345618052  -16315.6342  -15717.7037  -16114.3513  -16095.5382  -20388.5206  -20596.1274  -21113.786  -20747.1886  7.08454645e+28  5.5863659e+28  5.27103836e+28  5.45668223e+28  8.85306813e+28  7.32024893e+28  6.90636403e+28  7.03367693e+28  4.78128437e+18  3.87198445e+18  3.65322072e+18  3.74710775e+18  2.74809578  2.22546565  2.09972879  2.15369139 
d  3.59234127  0.345137626  -17337.324  -16641.1567  -17018.157  -17034.2726  -21753.6262  -21958.581  -22446.1387  -22130.8788  6.12006991e+28  4.82278141e+28  4.54402279e+28  4.71186869e+28  7.67902319e+28  6.36382665e+28  5.99334967e+28  6.1216465e+28  4.13972793e+18  3.35598242e+18  3.16121174e+18  3.25005456e+18  2.38266618  1.93157278  1.81947036  1.87060483 
d  3.5973348  0.344658535  -18301.6523  -17514.0223  -17870.7418  -17922.6612  -23016.3596  -23224.2078  -23680.0035  -23418.9894  5.26857577e+28  4.14932237e+28  3.90415225e+28  4.05479264e+28  6.62581896e+28  5.50214698e+28  5.1732793e+28  5.29827264e+28  3.56831842e+18  2.8954408e+18  2.72322946e+18  2.80591959e+18  2.05663997  1.66881948  1.56956356  1.61722293 
d  3.60232832  0.344180771  -19207.7916  -18335.1843  -18671.269  -18759.3644  -24174.4048  -24388.8147  -24812.1742  -24606.4681  4.52065475e+28  3.55830176e+28  3.34372546e+28  3.47798557e+28  5.68957328e+28  4.73312735e+28  4.44346329e+28  4.56203839e+28  3.06306841e+18  2.48742873e+18  2.33615662e+18  2.41200719e+18  1.76788415  1.43564728  1.34833889  1.39211689 
d  3.60732185  0.343704331  -20055.6115  -19104.1759  -19419.5345  -19543.7073  -25228.337  -25451.303  -25842.4124  -25691.4681  3.86688337e+28  3.04208402e+28  2.85515431e+28  2.97403317e+28  4.8642265e+28  4.05277897e+28  3.79947702e+28  3.90955907e+28  2.61933296e+18  2.1284589e+18  1.9963894e+18  2.06507767e+18  1.51387289  1.23016672  1.15383567  1.19353483 
d  3.61231537  0.343229207  -20845.6142  -19821.1336  -20115.9138  -20275.6395  -26181.1015  -26413.2101  -26772.9591  -26674.9168  3.29802062e+28  2.59322676e+28  2.43109497e+28  2.53570959e+28  4.14215729e+28  3.4556774e+28  3.2356276e+28  3.33601524e+28  2.23205337e+18  1.81467125e+18  1.70001677e+18  1.76151745e+18  1.29182608  1.05026146  0.983903889  1.0194981 
d  3.61730889  0.342755395  -21578.8577  -20486.737  -20761.2974  -20955.679  -27037.4571  -27278.1791  -27607.9952  -27559.9948  2.8051674e+28  2.2045954e+28  2.06455154e+28  2.15608653e+28  3.51476405e+28  2.93542833e+28  2.74540304e+28  2.83559093e+28  1.89597943e+18  1.54200712e+18  1.44298637e+18  1.49750324e+18  1.09883638  0.893687715  0.836299117  0.867894984 
d  3.62230242  0.34228289  -22256.8736  -21342.5322  -21565.8242  -21977.7022  -27803.4395  -28291.8108  -28561.9128  -28744.4467  2.37988886e+28  1.89074726e+28  1.76605224e+28  1.86189894e+28  2.97297353e+28  2.50638786e+28  2.33897066e+28  2.43516153e+28  1.60585872e+18  1.31914054e+18  1.23150687e+18  1.28911814e+18  0.931978409  0.765578247  0.714719048  0.748154407 
d  3.62729594  0.341811686  -23343.5473  -22266.2434  -22496.3256  -23105.7843  -28947.8458  -29336.5429  -29606.344  -29996.9748  2.05496899e+28  1.6251082e+28  1.51812388e+28  1.61289508e+28  2.54832415e+28  2.14113605e+28  1.99793062e+28  2.09393338e+28  1.38098794e+18  1.12987327e+18  1.05481635e+18  1.11204854e+18  0.802576962  0.656638796  0.613018604  0.646279746 
d  3.63228947  0.341341777  -24544.5461  -23567.2205  -23774.2409  -24287.8655  -30181.3395  -30726.7309  -30967.7325  -31270.5178  1.78013431e+28  1.41791509e+28  1.32281539e+28  1.39776303e+28  2.18895218e+28  1.84866499e+28  1.72306628e+28  1.79961363e+28  1.19072595e+18  9.79974024e+17  9.13764501e+17  9.59212998e+17  0.692956672  0.570307165  0.531775771  0.558225047 
d  3.63728299  0.340873158  -25544.0359  -24544.3531  -24746.8605  -25263.1915  -31192.923  -31766.2698  -31998.3069  -32309.38  1.52722484e+28  1.21790044e+28  1.13580875e+28  1.19920555e+28  1.86496007e+28  1.57625479e+28  1.468629e+28  1.53367748e+28  1.01765547e+18  8.3824657e+17  7.81331323e+17  8.19864908e+17  0.593050501  0.488497886  0.455329868  0.47778576 
d  3.64227651  0.340405824  -26432.4461  -25419.9663  -25613.5332  -26149.0427  -32077.5317  -32682.2752  -32902.0952  -33235.7254  1.30339602e+28  1.04070352e+28  9.70079562e+27  1.02420824e+28  1.58175777e+28  1.33802533e+28  1.24612445e+28  1.30178012e+28  8.65546137e+17  7.13618657e+17  6.64861205e+17  6.97796508e+17  0.505099511  0.416440464  0.387987486  0.407207265 
d  3.64727004  0.33993977  -27253.6391  -26230.1286  -26413.6838  -27074.2469  -32883.0956  -33515.2443  -33722.8135  -34182.9284  1.10881997e+28  8.86311816e+27  8.25754501e+27  8.75289752e+27  1.33785557e+28  1.1324747e+28  1.05425526e+28  1.105108e+28  7.34002662e+17  6.05635955e+17  5.64002928e+17  5.94119327e+17  0.428923031  0.353910446  0.3295817  0.34718057 
d  3.65226356  0.339474991  -28174.3887  -27179.2765  -27348.6087  -27967.566  -33779.9625  -34473.5939  -34665.5893  -35083.8595  9.46083477e+27  7.58184076e+27  7.05909461e+27  7.46490963e+27  1.13431616e+28  9.6166393e+27  8.94771933e+27  9.36434156e+27  6.24119891e+17  5.15954402e+17  4.80204418e+17  5.04877536e+17  0.365211082  0.301916776  0.280997253  0.295435018 
d  3.65725709  0.339011481  -28987.1163  -27980.4582  -28142.3076  -28775.017  -34563.6183  -35273.8619  -35457.7625  -35888.1556  8.0358886e+27  6.44522091e+27  5.99865013e+27  6.34236522e+27  9.58182192e+27  8.12523623e+27  7.55796983e+27  7.91018784e+27  5.28531316e+17  4.37113714e+17  4.06698599e+17  4.27576592e+17  0.30969916  0.256131938  0.238309842  0.250543548 
d  3.66225061  0.338549234  -29742.1775  -28726.6346  -28880.1386  -29530.0638  -35286.9855  -36012.0035  -36187.5423  -36632.3985  6.80848211e+27  5.46502676e+27  5.08446781e+27  5.37577014e+27  8.07778143e+27  6.85101355e+27  6.37096646e+27  6.66870736e+27  4.46587906e+17  3.69481209e+17  3.43663028e+17  3.61334325e+17  0.262040748  0.216797479  0.201648356  0.212017199 
d  3.66724414  0.338088247  -30455.2134  -29430.8258  -29576.0083  -30242.981  -35967.8061  -36703.5545  -36871.2203  -37329.4927  5.75791773e+27  4.62486148e+27  4.30127737e+27  4.54781599e+27  6.80013846e+27  5.76772315e+27  5.36222954e+27  5.6134567e+27  3.76741686e+17  3.11777539e+17  2.89905207e+17  3.04838181e+17  0.221359065  0.183188607  0.170337258  0.179111304 
d  3.67223766  0.337628513  -31133.2945  -30099.5371  -30236.6639  -30919.5371  -36614.8281  -37357.0923  -37517.4992  -37987.3808  4.86204253e+27  3.90748562e+27  3.63288729e+27  3.84116946e+27  5.71808589e+27  4.8496527e+27  4.50766813e+27  4.71921577e+27  3.17403853e+17  2.6271415e+17  2.44216663e+17  2.56811557e+17  0.186748356  0.154571014  0.143687796  0.151098153 
d  3.67723118  0.337170028  -31780.8848  -30737.0027  -30866.4297  -31563.6992  -37233.8184  -37978.5229  -38132.274  -38611.7893  4.10016749e+27  3.29672992e+27  3.06410944e+27  3.23975107e+27  4.80367029e+27  4.07342687e+27  3.78538955e+27  3.96317886e+27  2.67115133e+17  2.21104704e+17  2.0548497e+17  2.16087898e+17  0.157374093  0.130266495  0.121063941  0.127310784 
d  3.68222471  0.336712786  -32401.2144  -31346.3296  -31468.4446  -32178.4794  -37828.9844  -38572.2713  -38719.9162  -39207.1233  3.45367479e+27  2.7779726e+27  2.58122201e+27  2.72907874e+27  4.0322257e+27  3.41834959e+27  3.17602924e+27  3.32518282e+27  2.24577015e+17  1.85889666e+17  1.72717537e+17  1.81627847e+17  0.132491923  0.109667854  0.101896798  0.107153543 
d  3.68721823  0.336256783  -32996.7855  -31929.9499  -32045.1453  -32766.2955  -38403.5289  -39141.7822  -39283.8045  -39776.8753  2.90610382e+27  2.3382318e+27  2.17205558e+27  2.29631809e+27  3.38228831e+27  2.86635463e+27  2.66269995e+27  2.78763153e+27  1.88651764e+17  1.56137593e+17  1.45042666e+17  1.52518489e+17  0.11144832  0.0922401785  0.0856857158  0.0901021488 
d  3.69221176  0.335802013  -33569.6105  -32489.843  -32598.5013  -33329.1556  -38959.9334  -39689.7879  -39826.6037  -40323.8567  2.44305657e+27  1.96611235e+27  1.82593958e+27  1.93021385e+27  2.83534184e+27  2.40181468e+27  2.23080722e+27  2.33530269e+27  1.58351952e+17  1.31037811e+17  1.21702404e+17  1.27965496e+17  0.0936750286  0.0775170152  0.0719945416  0.07569955 
d  3.69720528  0.335348472  -34121.3447  -33027.6607  -33130.1474  -33868.7658  -39500.132  -40218.4752  -40350.4384  -40850.3494  2.05203234e+27  1.65169125e+27  1.53359129e+27  1.62096994e+27  2.37550861e+27  2.01129908e+27  1.86781785e+27  1.95511075e+27  1.32826228e+17  1.0988971e+17  1.02042274e+17  1.07282421e+17  0.078681244  0.0650945164  0.0604459916  0.0635500565 
d  3.7021988  0.334896154  -34653.3697  -33544.8062  -33641.4659  -34386.5988  -40025.6307  -40729.6035  -40857.0121  -41358.2136  1.7222379e+27  1.38637913e+27  1.28698281e+27  1.36010955e+27  1.98923391e+27  1.68332087e+27  1.56301965e+27  1.63586116e+27  1.11344154e+17  9.20910002e+16  8.55000739e+16  8.98791212e+16  0.0660451557  0.0546249105  0.0507154214  0.0533129073 
d  3.70719233  0.334445054  -35166.8499  -34042.4877  -34133.6434  -34883.942  -40537.5962  -41224.5915  -41347.6955  -41848.9714  1.44439486e+27  1.16277597e+27  1.07920358e+27  1.14033136e+27  1.66498551e+27  1.40809229e+27  1.3072903e+27  1.36801323e+27  9.32814109e+16  7.71260479e+16  7.15948162e+16  7.52503377e+16  0.0554056477  0.04580997  0.0425246266  0.0446958688 
d  3.71218585  0.333995169  -35662.7756  -34521.7579  -34607.7106  -35361.9326  -41036.9258  -41704.5859  -41823.5947  -42323.8719  1.21055533e+27  9.74530891e+26  9.04327117e+26  9.55370363e+26  1.39297821e+27  1.17729831e+27  1.09288393e+27  1.14346049e+27  7.81060063e+16  6.45548761e+16  5.99163314e+16  6.29649257e+16  0.0464545177  0.0383948147  0.0356359826  0.0374491719 
d  3.71717938  0.333546492  -36141.9958  -34983.5438  -35064.5739  -35821.5844  -41524.303  -42170.5166  -42285.6062  -42783.9447  1.01393121e+27  8.16210831e+26  7.57286816e+26  7.99867989e+26  1.164927e+27  9.83892101e+26  9.13238877e+26  9.55332054e+26  6.53657461e+16  5.40030879e+16  5.01157708e+16  5.26560013e+16  0.038929386  0.0321622131  0.0298470729  0.0313599388 
d  3.7221729  0.333099018  -36605.245  -35428.6701  -35505.0388  -36263.8096  -42000.2437  -42623.1406  -42734.4602  -43230.0431  8.48739371e+26  6.83180537e+26  6.33762627e+26  6.69253431e+26  9.73829307e+26  8.21913439e+26  7.62807326e+26  7.97816197e+26  5.46770603e+16  4.51528193e+16  4.18970986e+16  4.40120888e+16  0.0326073506  0.02692745  0.0249858601  0.0262471611 
d  3.72716642  0.332652744  -37053.1652  -35857.8784  -35929.8291  -36689.4361  -42465.1336  -43063.079  -43170.7562  -43662.8799  7.10063498e+26  5.7149466e+26  5.30079464e+26  5.59637058e+26  8.13775048e+26  6.86329499e+26  6.3690621e+26  6.66005483e+26  4.57151564e+16  3.77347248e+16  3.50095702e+16  3.67692762e+16  0.0272993815  0.0225337662  0.0209064059  0.0219572365 
d  3.73215995  0.332207664  -37486.3244  -36271.8424  -36339.6027  -37099.2212  -42919.2599  -43490.8468  -43594.9926  -44083.0566  5.93731915e+26  4.77801926e+26  4.43117136e+26  4.67715738e+26  6.79782154e+26  5.72896467e+26  5.31587768e+26  5.55762052e+26  3.82054221e+16  3.15209518e+16  2.92411471e+16  3.07043337e+16  0.0228454156  0.018848352  0.0174851139  0.0183600448 
d  3.73715347  0.331763774  -37905.2319  -36671.1804  -36734.9635  -37493.8638  -43362.8366  -43906.8768  -44007.5898  -44491.0875  4.96210618e+26  3.99260807e+26  3.70231202e+26  3.90689534e+26  5.67655146e+26  4.78040108e+26  4.43527945e+26  4.63601253e+26  3.19159729e+16  2.63190274e+16  2.44127744e+16  2.56287236e+16  0.0191100945  0.0157588522  0.014617459  0.015345524 
d  3.742147  0.331321068  -38310.3512  -37056.4659  -37116.4723  -37874.0136  -43796.0255  -44311.5397  -44408.9094  -44887.4193  4.14510149e+26  3.33465838e+26  3.0918393e+26  3.26188914e+26  4.73864022e+26  3.9875321e+26  3.69930662e+26  3.86591681e+26  2.66512251e+16  2.19665714e+16  2.03734378e+16  2.13834178e+16  0.0159790823  0.0131703384  0.0122151547  0.0128207012 
d  3.74714052  0.330879542  -38702.1102  -37428.2354  -37484.6544  -38240.2789  -44218.9533  -44705.1601  -44799.2693  -45272.4465  3.46104977e+26  2.78383626e+26  2.58084398e+26  2.72211519e+26  3.95440966e+26  3.32507916e+26  3.0844602e+26  3.22269654e+26  2.22463783e+16  1.83267463e+16  1.69959125e+16  1.78344352e+16  0.0133558985  0.0110026972  0.0102037141  0.0107071319 
d  3.75213405  0.330439191  -39080.9103  -37786.9958  -37840.0062  -38593.2332  -44631.7249  -45088.0288  -45178.9559  -45646.5245  2.8886401e+26  2.32297528e+26  2.15336763e+26  2.27067508e+26  3.29892496e+26  2.77181009e+26  2.57100648e+26  2.68566319e+26  1.85626952e+16  1.52843561e+16  1.41731224e+16  1.48690148e+16  0.0111592033  0.00918838757  0.00852035508  0.00893869978 
d  3.75712757  0.330000011  -39447.1333  -38133.2289  -38183.0008  -38933.4202  -45034.4343  -45460.4127  -45548.2335  -46009.979  2.40990911e+26  1.9376002e+26  1.79595773e+26  1.89332496e+26  2.7512492e+26  2.30990418e+26  2.14238536e+26  2.2374567e+26  1.54834749e+16  1.27425132e+16  1.18150293e+16  1.2392345e+16  0.00932047807  0.00767052066  0.00711220973  0.0074597324 
