v ATLAS
# This file was created by ATLAS version 5.26.1.R on Tue Apr 17 10:42:44 2018.
#SSF 2.0 generic
##############################################################################
#                    Copyright (c) 1984 - 2018                               #
#                    Silvaco Inc. All rights reserved                        #
#                                                                            #
# This file format and the following Key are copyright Silvaco Inc.          #
# You may not use, this format or key without reproducing this message in    #
# full and obtaining express written permission from Silvaco Inc.            #
#                                                                            #
# To obtain such permission please contact: Silvaco Inc.                     #
#                                           support@silvaco.com              #
#                                                                            #
# KEY=SVC86hn7562asdx                       PROD=345                         #
##############################################################################
o 1 Gain (TE) (led 1) (1/cm) 
o 2 Gain (TE) (led 2) (1/cm) 
o 3 Gain (TE) (led 3) (1/cm) 
o 4 Gain (TE) (led 4) (1/cm) 
o 5 Gain (TM) (led 1) (1/cm) 
o 6 Gain (TM) (led 2) (1/cm) 
o 7 Gain (TM) (led 3) (1/cm) 
o 8 Gain (TM) (led 4) (1/cm) 
o 9 Spontaneous emission (TE) (led 1) (1/(s cm3 eV)) 
o 10 Spontaneous emission (TE) (led 2) (1/(s cm3 eV)) 
o 11 Spontaneous emission (TE) (led 3) (1/(s cm3 eV)) 
o 12 Spontaneous emission (TE) (led 4) (1/(s cm3 eV)) 
o 13 Spontaneous emission (TM)  (led 1) (1/(s cm3 eV)) 
o 14 Spontaneous emission (TM)  (led 2) (1/(s cm3 eV)) 
o 15 Spontaneous emission (TM)  (led 3) (1/(s cm3 eV)) 
o 16 Spontaneous emission (TM)  (led 4) (1/(s cm3 eV)) 
o 17 Flux Spectral Density (led 1)  (1/(s cm eV)) 
o 18 Flux Spectral Density (led 2)  (1/(s cm eV)) 
o 19 Flux Spectral Density (led 3)  (1/(s cm eV)) 
o 20 Flux Spectral Density (led 4)  (1/(s cm eV)) 
o 21 Power Spectral Density (led 1)  (W/(cm ev)) 
o 22 Power Spectral Density (led 2)  (W/(cm ev)) 
o 23 Power Spectral Density (led 3)  (W/(cm ev)) 
o 24 Power Spectral Density (led 4)  (W/(cm ev)) 
p 26  210  309  3000  3001  3002  3003  3004  3005  3006  3007  3008  3009  3010  3011  3012  3013  3014  3015  3016  3017  3018  3019  3020  3021  3022  3023 
d  3.26276868  0.380000013  0  0  0  0  0  0  0  0  0  0  0  0  0  0  0  0  0  0  0  0  0  0  0  0 
d  3.2677622  0.379419328  0  0  0  0  0  0  0  0  0  0  0  0  0  0  0  0  0  0  0  0  0  0  0  0 
d  3.27275573  0.378840416  0  0  0  0  0  0  0  0  0  0  0  0  0  0  0  0  0  0  0  0  0  0  0  0 
d  3.27774925  0.378263267  0  0  0  0  0  0  0  0  0  0  0  0  0  0  0  0  0  0  0  0  0  0  0  0 
d  3.28274278  0.377687874  0  0  0  0  0  0  0  0  0  0  0  0  0  0  0  0  0  0  0  0  0  0  0  0 
d  3.2877363  0.377114229  0  0  0  0  0  0  0  0  0  0  0  0  0  0  0  0  0  0  0  0  0  0  0  0 
d  3.29272982  0.376542324  0  0  0  0  0  0  0  0  0  0  0  0  0  0  0  0  0  0  0  0  0  0  0  0 
d  3.29772335  0.375972151  0  0  0  0  0  0  0  0  0  0  0  0  0  0  0  0  0  0  0  0  0  0  0  0 
d  3.30271687  0.375403702  0  0  0  0  0  0  0  0  0  0  0  0  0  0  0  0  0  0  0  0  0  0  0  0 
d  3.3077104  0.374836969  0  0  0  0  0  0  0  0  0  0  0  0  0  0  0  0  0  0  0  0  0  0  0  0 
d  3.31270392  0.374271945  0  0  0  0  0  0  0  0  0  0  0  0  0  0  0  0  0  0  0  0  0  0  0  0 
d  3.31769744  0.373708622  0  0  0  0  0  0  0  0  0  0  0  0  0  0  0  0  0  0  0  0  0  0  0  0 
d  3.32269097  0.373146992  0  0  0  0  0  0  0  0  0  0  0  0  0  0  0  0  0  0  0  0  0  0  0  0 
d  3.32768449  0.372587047  0  0  0  0  0  0  0  0  0  0  0  0  0  0  0  0  0  0  0  0  0  0  0  0 
d  3.33267802  0.372028781  0  0  0  0  0  0  0  0  0  0  0  0  0  0  0  0  0  0  0  0  0  0  0  0 
d  3.33767154  0.371472185  0  0  0  0  0  0  0  0  0  0  0  0  0  0  0  0  0  0  0  0  0  0  0  0 
d  3.34266507  0.370917252  0  0  0  0  0  0  0  0  0  0  0  0  0  0  0  0  0  0  0  0  0  0  0  0 
d  3.34765859  0.370363974  0  0  0  0  0  0  0  0  0  0  0  0  0  0  0  0  0  0  0  0  0  0  0  0 
d  3.35265211  0.369812345  0  0  0  0  0  0  0  0  0  0  0  0  0  0  0  0  0  0  0  0  0  0  0  0 
d  3.35764564  0.369262356  0  0  0  0  0  0  0  0  0  0  0  0  0  0  0  0  0  0  0  0  0  0  0  0 
d  3.36263916  0.368714001  0  0  0  0  0  0  0  0  0  0  0  0  0  0  0  0  0  0  0  0  0  0  0  0 
d  3.36763269  0.368167272  0  0  0  0  0  0  0  0  0  0  0  0  0  0  0  0  0  0  0  0  0  0  0  0 
d  3.37262621  0.367622162  0  0  0  0  0  0  0  0  0  0  0  0  0  0  0  0  0  0  0  0  0  0  0  0 
d  3.37761973  0.367078664  0  0  0  0  0  0  0  0  0  0  0  0  0  0  0  0  0  0  0  0  0  0  0  0 
d  3.38261326  0.366536771  0  0  0  0  0  0  0  0  0  0  0  0  0  0  0  0  0  0  0  0  0  0  0  0 
d  3.38760678  0.365996475  0  0  0  0  0  0  0  0  0  0  0  0  0  0  0  0  0  0  0  0  0  0  0  0 
d  3.39260031  0.365457769  0  0  0  0  0  0  0  0  0  0  0  0  0  0  0  0  0  0  0  0  0  0  0  0 
d  3.39759383  0.364920647  0  0  0  0  0  0  0  0  0  0  0  0  0  0  0  0  0  0  0  0  0  0  0  0 
d  3.40258736  0.364385102  0  0  0  0  0  0  0  0  0  0  0  0  0  0  0  0  0  0  0  0  0  0  0  0 
d  3.40758088  0.363851126  0  0  0  0  0  0  0  0  0  0  0  0  0  0  0  0  0  0  0  0  0  0  0  0 
d  3.4125744  0.363318713  0  5.73678115e-08  6.03955606e-08  1.95371828e-08  0  0  0  0  0  3.40215839e+18  3.58171502e+18  1.13342775e+18  0  0  0  0  0  102064752  107451451  34002832.4  0  5.58048216e-11  5.87500478e-11  1.85913547e-11 
d  3.41756793  0.362787856  2.31379944e-08  1.02604687e-06  1.07769962e-06  3.687469e-07  0  0  0  0  1.48038599e+18  6.74575357e+19  7.08533989e+19  2.35411537e+19  0  0  0  0  44411579.7  2.02372607e+09  2.12560197e+09  706234612  2.43179627e-11  1.10810954e-09  1.16389261e-09  3.86705159e-10 
d  3.42256145  0.362258547  4.17148567e-07  1.52207994e-05  1.59420049e-05  5.85843764e-06  0  0  0  0  3.03717802e+19  1.15070113e+21  1.20522347e+21  4.25259867e+20  0  0  0  0  911153405  3.45210339e+10  3.6156704e+10  1.2757796e+10  4.99639275e-10  1.89299236e-08  1.98268582e-08  6.99585374e-09 
d  3.42755498  0.361730781  6.19746557e-06  0.000178122662  0.000185954427  7.47092936e-05  0  0  0  0  5.40893028e+20  1.64256097e+22  1.71477917e+22  6.49199666e+21  0  0  0  0  1.62267908e+10  4.92768291e+11  5.1443375e+11  1.947599e+11  8.91109103e-09  2.70608227e-07  2.82506012e-07  1.06954185e-07 
d  3.4325485  0.361204551  7.08481285e-05  0.00152884209  0.00159029784  0.000717047151  0  0  0  0  8.12583248e+21  1.91664562e+23  1.99368526e+23  8.16734948e+22  0  0  0  0  2.43774974e+11  5.74993687e+12  5.98105577e+12  2.45020484e+12  1.34066297e-07  3.16223085e-06  3.28933682e-06  1.34751277e-06 
d  3.43754202  0.360679849  0.000544503728  0.00812434729  0.00841835971  0.0045608601  0  0  0  0  1.0044457e+23  1.79615755e+24  1.86114908e+24  8.30124731e+23  0  0  0  0  3.01333709e+12  5.38847265e+13  5.58344725e+13  2.49037419e+13  1.65962338e-06  2.96775135e-05  3.07513542e-05  1.37159671e-05 
d  3.44253555  0.36015667  0.00144946678  0.00482364896  0.00497863689  0.0103241543  0  0  0  0  1.00184847e+24  1.3365409e+25  1.37937606e+25  6.72411893e+24  0  0  0  0  3.0055454e+13  4.0096227e+14  4.13812819e+14  2.01723568e+14  1.65773665e-05  0.000221154486  0.000228242327  0.000111262519 
d  3.44752907  0.359635006  -0.0266167302  -0.365887619  -0.376089951  -0.13950719  0  0  0  0  7.95630214e+24  7.8536666e+25  8.07271634e+25  4.30817295e+25  0  0  0  0  2.38689064e+14  2.35609998e+15  2.4218149e+15  1.29245188e+15  0.000131842148  0.00130141397  0.00133771223  0.000713897948 
d  3.4525226  0.359114852  -0.455894567  -3.90249259  -3.99529305  -1.95996806  0  -1.26850132e-08  -1.2847313e-08  -4.1417555e-09  4.9949736e+25  3.6418215e+26  3.72843779e+26  2.17836141e+26  0  1.18377045e+18  1.198921e+18  4.60325886e+17  1.49849208e+15  1.09254645e+16  1.11853134e+16  6.53508424e+15  0.000828905067  0.00604352404  0.00618726189  0.00361494366 
d  3.45751612  0.358596199  -3.98466377  -24.0923137  -24.5687073  -13.8869353  -1.0540777e-07  -4.41576527e-07  -4.46917232e-07  -1.57336014e-07  2.47405394e+26  1.33642295e+27  1.36285276e+27  8.70707876e+26  6.54470548e+18  2.44946589e+19  2.47909822e+19  9.86493443e+18  7.42216201e+15  4.00926894e+16  4.08855837e+16  2.61212366e+16  0.00411157726  0.0222097267  0.0226489581  0.0144701075 
d  3.46250965  0.358079043  -23.7641637  -104.795359  -106.46217  -67.2733561  -3.08545257e-06  -1.17825918e-05  -1.19146849e-05  -4.49012778e-06  9.68677593e+26  3.90197956e+27  3.96405105e+27  2.7635682e+27  1.25769575e+20  4.38716299e+20  4.43635702e+20  1.8445303e+20  2.90603316e+16  1.170594e+17  1.18921545e+17  8.29070516e+16  0.0161214971  0.0649398226  0.0659728652  0.0459934804 
d  3.46750317  0.357563376  -104.562389  -342.793563  -346.98167  -241.817114  -7.15808193e-05  -0.000248009236  -0.000250529044  -0.000100769977  3.01236967e+27  9.13566806e+27  9.24730197e+27  7.01292971e+27  2.0621936e+21  6.60960501e+21  6.67677267e+21  2.9224266e+21  9.0371152e+16  2.7407024e+17  2.7741926e+17  2.10387979e+17  0.0502065637  0.152262361  0.154122941  0.116883067 
d  3.47249669  0.357049192  -352.293371  -874.312047  -881.981686  -671.411265  -0.00131995877  -0.00411931138  -0.00415630586  -0.00178675287  7.49427142e+27  1.73443084e+28  1.74964871e+28  1.43676148e+28  2.80792376e+22  8.17175139e+22  8.24515441e+22  3.82349512e+22  2.24828985e+17  5.20331703e+17  5.24897087e+17  4.31029591e+17  0.125085783  0.289491583  0.292031578  0.239807488 
d  3.47749022  0.356536485  -932.428127  -1790.9335  -1801.07157  -1483.06134  -0.0192089567  -0.0536641192  -0.054078348  -0.0248987682  1.50710319e+28  2.71425575e+28  2.729625e+28  2.41017824e+28  3.10478406e+23  8.13308499e+23  8.19587702e+23  4.04639158e+23  4.5214027e+17  8.14301123e+17  8.18912087e+17  7.23065611e+17  0.251914357  0.453695804  0.456264848  0.40286305 
d  3.48248374  0.356025249  -1985.97413  -3042.58871  -3051.74368  -2684.7552  -0.218939723  -0.545495942  -0.54899883  -0.271153292  2.48775225e+28  3.5877108e+28  3.59851155e+28  3.38027866e+28  2.74257242e+24  6.43229128e+24  6.47360604e+24  3.41399352e+24  7.46407952e+17  1.07650621e+18  1.07974767e+18  1.01418602e+18  0.416465631  0.600647189  0.602455796  0.565875028 
d  3.48747727  0.355515476  -3502.75823  -4464.35935  -4468.67278  -4130.02652  -1.94560191  -4.31819326  -4.34033909  -2.30123658  3.44956756e+28  4.15054948e+28  4.15456581e+28  4.08707644e+28  1.91605724e+25  4.01465772e+25  4.03525281e+25  2.27730495e+25  1.03544509e+18  1.24636924e+18  1.24758032e+18  1.22680612e+18  0.578565149  0.696421099  0.697097801  0.685490014 
d  3.49247079  0.355007161  -5312.26868  -5948.78971  -5946.64019  -5653.21817  -13.471774  -26.6609706  -26.7641168  -15.2306108  4.1569978e+28  4.40418501e+28  4.40259985e+28  4.44445939e+28  1.05420374e+26  1.97384431e+26  1.98148354e+26  1.19740348e+26  1.25026195e+18  1.32717704e+18  1.32672441e+18  1.33693003e+18  0.69959647  0.742635069  0.742381795  0.748092451 
d  3.49746431  0.354500297  -7263.2536  -7569.48041  -7561.58076  -7248.88755  -72.8894522  -128.938509  -129.281477  -78.8972118  4.55295058e+28  4.49668067e+28  4.49199403e+28  4.56450393e+28  4.5690553e+26  7.65964468e+26  7.68002935e+26  4.96802622e+26  1.37959234e+18  1.37198314e+18  1.3706383e+18  1.38425526e+18  0.773068324  0.768804431  0.768050836  0.775681237 
d  3.50245784  0.353994879  -9386.76936  -9474.71956  -9461.77165  -9062.73292  -309.823531  -491.578619  -492.322048  -321.751623  4.74306195e+28  4.54297541e+28  4.53677318e+28  4.59952849e+28  1.56551433e+27  2.35704029e+27  2.36060809e+27  1.63295749e+27  1.46988401e+18  1.43360383e+18  1.4318502e+18  1.42884727e+18  0.824840155  0.804481167  0.803497098  0.801811976 
d  3.50745136  0.3534909  -11796.4809  -11651.2907  -11632.3851  -11174.9034  -1042.26459  -1490.16196  -1490.82513  -1040.95763  4.82842138e+28  4.53007393e+28  4.52272931e+28  4.59377118e+28  4.26609652e+27  5.79381633e+27  5.79640239e+27  4.27916105e+27  1.57650931e+18  1.53283667e+18  1.53071086e+18  1.50650619e+18  0.885935306  0.861393025  0.860198408  0.846596345 
d  3.51244489  0.352988354  -14425.3814  -13843.2449  -13817.088  -13422.9355  -2802.23524  -3630.83742  -3628.85255  -2700.40537  4.80146701e+28  4.38045008e+28  4.37217887e+28  4.48679644e+28  9.32719885e+27  1.14891431e+28  1.14828772e+28  9.02646759e+27  1.72025607e+18  1.65880932e+18  1.65613998e+18  1.61683296e+18  0.968091551  0.933511768  0.932009569  0.909889147 
d  3.51743841  0.352487235  -16955.2501  -15743.9352  -15710.7332  -15501.5534  -6096.50404  -7211.57717  -7201.3425  -5687.21311  4.60348842e+28  4.0664468e+28  4.05787635e+28  4.22645024e+28  1.65525047e+28  1.86265342e+28  1.86001233e+28  1.55060093e+28  1.87762167e+18  1.77873007e+18  1.7753666e+18  1.73311535e+18  1.05815284  1.00242147  1.00052596  0.976714833 
d  3.52243193  0.351987537  -19053.9727  -17207.6845  -17169.5619  -17190.4317  -10913.6076  -11916.3632  -11890.9254  -9908.09532  4.23039782e+28  3.63635518e+28  3.62830365e+28  3.83248445e+28  2.42305909e+28  2.51818476e+28  2.51281239e+28  2.20893936e+28  1.99603707e+18  1.84636198e+18  1.84233481e+18  1.81242714e+18  1.126484  1.04201332  1.03974055  1.02286185 
d  3.52742546  0.351489253  -20603.5576  -18289.9455  -18249.6491  -18474.0016  -16451.8035  -16824.5197  -16779.9722  -14640.0159  3.74816357e+28  3.16827073e+28  3.16129436e+28  3.37457658e+28  2.99288364e+28  2.91442274e+28  2.90670967e+28  2.67423679e+28  2.02231416e+18  1.82480804e+18  1.82040121e+18  1.81464401e+18  1.14293171  1.03130909  1.02881852  1.02556478 
d  3.53241898  0.350992378  -21709.4467  -19128.9725  -19088.5777  -19469.2263  -21514.3993  -20979.0658  -20917.7748  -18934.4958  3.24121653e+28  2.72041337e+28  2.71467203e+28  2.91861653e+28  3.21209599e+28  2.98352308e+28  2.97481033e+28  2.8384555e+28  1.93599375e+18  1.71118094e+18  1.70684471e+18  1.72712161e+18  1.09569574  0.968460597  0.966006464  0.977482385 
d  3.53741251  0.350496906  -22547.4704  -19835.9533  -19796.5479  -20299.8606  -25282.0312  -23963.3297  -23892.5571  -22222.3347  2.76637008e+28  2.31884596e+28  2.31424229e+28  2.50071408e+28  3.10187588e+28  2.80134105e+28  2.79307112e+28  2.73754121e+28  1.76047379e+18  1.5360561e+18  1.53219403e+18  1.57147659e+18  0.997766878  0.870575815  0.868386941  0.890650743 
d  3.54240603  0.350002831  -23246.032  -20467.2554  -20429.2608  -21038.856  -27685.0608  -25942.8339  -25870.4138  -24515.8425  2.34627303e+28  1.96877251e+28  1.96512019e+28  2.1320716e+28  2.79431396e+28  2.49547569e+28  2.48851257e+28  2.48442841e+28  1.5421761e+18  1.33927446e+18  1.33608983e+18  1.38495e+18  0.875278213  0.760119263  0.75831179  0.786042896 
d  3.54739956  0.349510147  -23866.8757  -21043.7848  -21007.3172  -21715.8192  -29136.5367  -27304.3143  -27235.5433  -26140.8397  1.98344914e+28  1.66700595e+28  1.66411918e+28  1.81194348e+28  2.42138264e+28  2.16294051e+28  2.15749539e+28  2.1811622e+28  1.32144953e+18  1.14898394e+18  1.14648437e+18  1.19793171e+18  0.751059773  0.653037133  0.651616478  0.680857113 
d  3.55239308  0.349018848  -24432.422  -21572.3689  -21537.43  -22340.0974  -30084.3757  -28350.4937  -28287.7992  -27406.3704  1.67300408e+28  1.40826019e+28  1.40598108e+28  1.53586391e+28  2.06002021e+28  1.85074119e+28  1.84665071e+28  1.88416614e+28  1.11990729e+18  9.77700413e+17  9.75789535e+17  1.02600901e+18  0.637407102  0.556468553  0.555380956  0.583963906 
d  3.5573866  0.348528928  -24950.2615  -22056.0534  -22022.5984  -22914.8465  -30799.5269  -29231.7112  -29175.7372  -28482.4481  1.40852142e+28  1.18720435e+28  1.18540502e+28  1.2987866e+28  1.73873102e+28  1.57344625e+28  1.57043528e+28  1.61435172e+28  9.44175733e+17  8.2819518e+17  8.2675209e+17  8.73941498e+17  0.53814302  0.472038668  0.471216164  0.49811227 
d  3.56238013  0.348040382  -25424.0422  -22497.241  -22465.1994  -23442.0652  -31396.5833  -30003.2021  -29953.8073  -29434.5251  1.18385325e+28  9.98933892e+27  9.9751238e+27  1.09591728e+28  1.46196057e+28  1.33221738e+28  1.33002575e+28  1.37606496e+28  7.93744145e+17  6.99345381e+17  6.98261438e+17  7.41594673e+17  0.453037974  0.399158868  0.398540196  0.423273104 
d  3.56737365  0.347553203  -25856.6235  -22898.3267  -22867.611  -23923.7842  -31914.5532  -30683.5812  -30640.3393  -30283.2529  9.93481073e+27  8.3903991e+27  8.37915447e+27  9.22875527e+27  1.22624304e+28  1.12430701e+28  1.12272391e+28  1.16819617e+28  6.65917234e+17  5.89004075e+17  5.88191807e+17  6.27321508e+17  0.380612167  0.336651623  0.336187362  0.358552364 
d  3.57236718  0.347067387  -26250.7044  -23261.7546  -23232.2661  -24362.2194  -32367.6674  -31281.9256  -31244.3099  -31036.9507  8.32534542e+27  7.03598894e+27  7.0270781e+27  7.75712902e+27  1.0265325e+28  9.46185214e+27  9.450486e+27  9.88241781e+27  5.57720111e+17  4.94935233e+17  4.94326923e+17  5.29186405e+17  0.319217144  0.283281539  0.282933367  0.302885568 
d  3.5773607  0.346582926  -26608.8985  -23589.9841  -23561.6176  -24759.7359  -32764.0547  -31805.6678  -31773.1162  -31702.1566  6.96747862e+27  5.89145658e+27  5.88437935e+27  6.50901815e+27  8.57919207e+27  7.94327414e+27  7.93515421e+27  8.33409184e+27  4.66400121e+17  4.15041921e+17  4.14586007e+17  4.452933e+17  0.267322306  0.237885795  0.237624482  0.255224701 
d  3.58235422  0.346099817  -26933.7247  -23885.4521  -23858.0995  -25118.7902  -33110.3826  -32262.0296  -32233.9762  -32285.7207  5.82406221e+27  4.92640173e+27  4.92076619e+27  5.45314787e+27  7.15968289e+27  6.65408039e+27  6.64830241e+27  7.00904812e+27  3.89512353e+17  3.47414464e+17  3.47072058e+17  3.7386588e+17  0.223564877  0.199402333  0.199205805  0.214584412 
d  3.58734775  0.345618052  -27227.5942  -24150.5413  -24124.0949  -25441.8783  -33412.6566  -32658.0482  -32633.943  -32794.8326  4.86291e+27  4.11431423e+27  4.10981377e+27  4.5619829e+27  5.96757616e+27  5.56366298e+27  5.55956313e+27  5.88044105e+27  3.24914585e+17  2.90339316e+17  2.90081307e+17  3.13272719e+17  0.186748231  0.166875715  0.166727422  0.180056941 
d  3.59234127  0.345137626  -27492.8  -24387.5556  -24361.9106  -25731.4908  -33676.3098  -33000.4317  -32979.754  -33236.7515  4.056262e+27  3.43220167e+27  3.42859667e+27  3.8114331e+27  4.96857126e+27  4.64434152e+27  4.64143705e+27  4.92313702e+27  2.70744998e+17  2.42296296e+17  2.42101012e+17  2.62037104e+17  0.155830277  0.139456312  0.139343914  0.150818352 
d  3.5973348  0.344658535  -27731.5111  -24598.7017  -24573.758  -25990.0763  -33906.2137  -33295.4456  -33277.7126  -33618.5662  3.38027426e+27  2.86022048e+27  2.85732361e+27  3.18054324e+27  4.13292665e+27  3.87143667e+27  3.86937944e+27  4.11408193e+27  2.25396027e+17  2.01949715e+17  2.01801091e+17  2.18838755e+17  0.129909505  0.116395962  0.116310302  0.126130148 
d  3.60232832  0.344180771  -27945.7695  -24786.0761  -24761.7393  -26220.0128  -34106.6987  -33548.8472  -33533.6181  -33947.0228  2.8145425e+27  2.3813205e+27  2.37898522e+27  2.65117977e+27  3.43503703e+27  3.2232031e+27  3.22174386e+27  3.43247964e+27  1.87487386e+17  1.68135708e+17  1.68021873e+17  1.82509782e+17  0.108210439  0.0970414018  0.0969757005  0.105337559 
d  3.60732185  0.343704331  -28137.4897  -24951.6568  -24927.8395  -26423.5851  -34281.586  -33765.8556  -33752.734  -34228.4122  2.34166459e+27  1.9809103e+27  1.97902183e+27  2.20772489e+27  2.85298997e+27  2.68066893e+27  2.67963044e+27  2.85982835e+27  1.55839637e+17  1.39847377e+17  1.39759568e+17  1.52026597e+17  0.0900692678  0.0808263615  0.0807756115  0.0878654786 
d  3.61231537  0.343229207  -28308.461  -25097.2987  -25073.9204  -26602.9687  -34434.2273  -33951.1517  -33939.7846  -34468.5061  1.94684393e+27  1.64654772e+27  1.64501594e+27  1.83678492e+27  2.36812825e+27  2.22741866e+27  2.22667559e+27  2.37985592e+27  1.29449165e+17  1.16218991e+17  1.16150746e+17  1.26499225e+17  0.0749201651  0.0672630526  0.0672235548  0.073212854 
d  3.61730889  0.342755395  -28460.3501  -25224.7321  -25201.72  -26760.2195  -34567.5478  -34108.8956  -34098.9718  -34672.5317  1.61753385e+27  1.36765773e+27  1.3664117e+27  1.5269179e+27  1.96463425e+27  1.84934749e+27  1.84881166e+27  1.97838845e+27  1.07465043e+17  9.65101566e+16  9.64567008e+16  1.0515919e+17  0.0622825845  0.0559335557  0.0559025749  0.0609462013 
d  3.62230242  0.34228289  -28594.7056  -25335.564  -25312.8528  -27785.0421  -34684.09  -34242.7573  -34234.0049  -35732.9466  1.34312201e+27  1.13527865e+27  1.13426234e+27  1.31024768e+27  1.62914651e+27  1.53440719e+27  1.53401684e+27  1.68504371e+27  8.91680558e+16  8.00905752e+16  8.00483755e+16  8.98587416e+16  0.0517496975  0.0464814782  0.0464569871  0.0521505449 
d  3.62729594  0.341811686  -29176.836  -25431.2812  -25408.8124  -29019.8671  -35249.9293  -34355.955  -34348.1376  -36994.5396  1.13266019e+27  9.41836047e+26  9.41005063e+26  1.1310168e+27  1.36842088e+27  1.27235732e+27  1.27206935e+27  1.44182072e+27  7.5032432e+16  6.64258011e+16  6.63922323e+16  7.71851257e+16  0.0436059574  0.0386041152  0.0385846063  0.0448570199 
d  3.63228947  0.341341777  -29855.3975  -25513.2541  -25931.4428  -29969.5861  -35914.2958  -34451.2957  -34884.6763  -37964.1959  9.57917037e+26  7.80943229e+26  7.9374466e+26  9.65378734e+26  1.15231813e+27  1.05453056e+27  1.06779733e+27  1.22290069e+27  6.33070551e+16  5.50642138e+16  5.58462598e+16  6.56483826e+16  0.0368422695  0.0320452531  0.0325003738  0.038204832 
d  3.63728299  0.340873158  -30941.6859  -26469.3633  -26575.9016  -30722.3087  -36988.8989  -35417.8391  -35539.9797  -38731.6919  8.20544642e+26  6.69657489e+26  6.72353651e+26  8.17944475e+26  9.80911088e+26  8.96048044e+26  8.99139208e+26  1.03118466e+27  5.40436719e+16  4.6971166e+16  4.71447858e+16  5.5473874e+16  0.031494575  0.0273729904  0.0274741693  0.0323280419 
d  3.64227651  0.340405824  -31650.8119  -27637.8082  -27867.0145  -31378.7046  -37689.1288  -36594.7405  -36839.8494  -39399.0744  6.93751482e+26  5.77930563e+26  5.82724169e+26  6.90503116e+26  8.26104842e+26  7.65227792e+26  7.70354163e+26  8.66995116e+26  4.55956897e+16  4.02947506e+16  4.059235e+16  4.6724947e+16  0.0266078948  0.0235144702  0.0236881378  0.027266886 
d  3.64727004  0.33993977  -32263.1643  -28471.5055  -28644.0531  -32177.7936  -38295.545  -37435.682  -37624.3395  -40206.4881  5.84511232e+26  4.92097291e+26  4.95080176e+26  5.85266388e+26  6.93799777e+26  6.47032792e+26  6.50294306e+26  7.31296445e+26  3.83493303e+16  3.41739025e+16  3.43612344e+16  3.9496885e+16  0.0224098792  0.0199699192  0.0200793888  0.0230804662 
d  3.65226356  0.339474991  -32903.5003  -29143.0076  -29292.8289  -32852.1218  -38932.9873  -38113.8207  -38279.8807  -40887.387  4.92719216e+26  4.16339646e+26  4.18480512e+26  4.93892155e+26  5.83008823e+26  5.44497493e+26  5.46870503e+26  6.14692708e+26  3.22718412e+16  2.88251142e+16  2.89605305e+16  3.32575459e+16  0.0188842468  0.016867354  0.0169465944  0.0194610434 
d  3.65725709  0.339011481  -33590.2576  -29734.0059  -29870.7086  -33452.462  -39619.9054  -38711.3171  -38864.3216  -41493.2673  4.1576296e+26  3.51109842e+26  3.52724503e+26  4.15692087e+26  4.90394845e+26  4.57117164e+26  4.5892445e+26  5.15609967e+26  2.71847342e+16  2.42468102e+16  2.43494686e+16  2.79390616e+16  0.0159292157  0.0142077045  0.0142678584  0.0163712228 
d  3.66225061  0.338549234  -34175.9183  -30488.3682  -30655.1718  -34005.363  -40208.7387  -39472.3965  -39655.5096  -42051.2453  3.49647457e+26  2.97579084e+26  2.99207518e+26  3.49275985e+26  4.1136812e+26  3.85266916e+26  3.87054644e+26  4.31916875e+26  2.28304673e+16  2.048538e+16  2.05878649e+16  2.34357858e+16  0.0133960473  0.0120200396  0.0120801738  0.0137512251 
d  3.66724414  0.338088247  -34718.0198  -31107.8527  -31255.9621  -34521.6071  -40756.9394  -40099.0814  -40263.462  -42572.5412  2.93592365e+26  2.50968171e+26  2.52163375e+26  2.93083845e+26  3.4466039e+26  3.23506519e+26  3.24833081e+26  3.61435203e+26  1.91475827e+16  1.72342407e+16  1.73098937e+16  1.96355714e+16  0.0112503903  0.0101261834  0.0101706342  0.0115371139 
d  3.67223766  0.337628513  -35229.3917  -31665.1377  -31803.0753  -35007.4479  -41277.2198  -40664.2393  -40818.3715  -43063.7393  2.46249796e+26  2.11159947e+26  2.12080045e+26  2.45664383e+26  2.88523488e+26  2.71170733e+26  2.72198898e+26  3.02199321e+26  1.60431985e+16  1.44699204e+16  1.45283683e+16  1.64359111e+16  0.00943920787  0.00851355085  0.00854793936  0.00967026502 
d  3.67723118  0.337170028  -35716.1936  -32182.4366  -32313.0724  -35467.0899  -41775.5997  -41190.2114  -41336.9334  -43529.2863  2.06356246e+26  1.77390891e+26  1.78111176e+26  2.057259e+26  2.41365471e+26  2.2704211e+26  2.27851123e+26  2.52490453e+26  1.34316515e+16  1.213299e+16  1.2178869e+16  1.37464906e+16  0.00791341901  0.00714829698  0.0071753271  0.00809891024 
d  3.68222471  0.336712786  -36182.095  -32669.0018  -32793.7781  -35903.6036  -42255.5925  -41686.329  -41827.0569  -43972.4235  1.72793835e+26  1.48843807e+26  1.49412483e+26  1.72140676e+26  2.0179887e+26  1.89927808e+26  1.90569211e+26  2.10826824e+26  1.12377812e+16  1.01631485e+16  1.01994508e+16  1.1489025e+16  0.00662986478  0.00599587223  0.00601728925  0.00677808911 
d  3.68721823  0.336256783  -36629.5305  -33130.136  -33249.9067  -36319.3557  -42719.4671  -42157.935  -42293.5009  -44395.6305  1.44593244e+26  1.24767246e+26  1.25218451e+26  1.43934759e+26  1.68632965e+26  1.58765707e+26  1.59276437e+26  1.75941292e+26  9.39678628e+15  8.5059886e+15  8.53484664e+15  9.59628153e+15  0.00555126557  0.00502501603  0.00504206427  0.00566911981 
d  3.69221176  0.335802013  -37060.2289  -33569.3324  -33684.6515  -36716.2421  -43168.7807  -42608.532  -42739.4723  -44800.8706  1.20922359e+26  1.04496617e+26  1.04855716e+26  1.20272853e+26  1.40853712e+26  1.32634376e+26  1.33042135e+26  1.46755992e+26  7.85328213e+15  7.11392976e+15  7.13693552e+15  8.01086534e+15  0.00464570483  0.00420833192  0.00422194125  0.0047389251 
d  3.69720528  0.335348472  -37475.4797  -33989.0852  -34100.3361  -37095.8272  -43604.6497  -43040.6008  -43167.2844  -45189.7392  1.01071124e+26  8.74541897e+25  8.77405452e+25  1.00442106e+26  1.17601456e+26  1.10743812e+26  1.11069904e+26  1.22357497e+26  6.56017739e+15  5.94594006e+15  5.96431349e+15  6.68398808e+15  0.00388600147  0.00352215045  0.00353303418  0.00395934224 
d  3.7021988  0.334896154  -37876.284  -34391.276  -34498.7381  -37459.4325  -44027.9036  -43455.9915  -43578.6863  -45563.5606  8.44360615e+25  7.31425906e+25  7.33712273e+25  8.38364024e+25  9.81496171e+25  9.24212233e+25  9.26822798e+25  1.01973915e+26  5.47757036e+15  4.96691442e+15  4.98160521e+15  5.57430954e+15  0.00324908829  0.00294618644  0.00295490046  0.00330647033 
d  3.70719233  0.334445054  -38263.4472  -34777.3838  -34881.2706  -37808.1949  -44439.1791  -43856.1389  -43975.0491  -45923.4535  7.05057563e+25  6.11362785e+25  6.13189785e+25  6.99418715e+25  8.18854067e+25  7.70961134e+25  7.73052428e+25  8.49543939e+25  4.57173489e+15  4.14697176e+15  4.15872664e+15  4.64688796e+15  0.00271543848  0.00246314517  0.00247012712  0.00276007658 
d  3.71218585  0.333995169  -38637.6384  -35148.6102  -35249.0921  -38143.1086  -44838.9822  -44242.1913  -44357.48  -46270.3776  5.88477658e+25  5.10727572e+25  5.12188246e+25  5.83238657e+25  6.82928366e+25  6.42862031e+25  6.44538015e+25  7.07511105e+25  3.81421807e+15  3.46076881e+15  3.47017878e+15  3.87224929e+15  0.00226855359  0.00205833525  0.00206393195  0.00230306838 
d  3.71717938  0.333546492  -38999.4303  -35505.9584  -35603.1776  -38465.0539  -45227.7287  -44615.0923  -44726.8962  -46605.1675  4.9097065e+25  4.26442381e+25  4.27610543e+25  4.86154617e+25  5.69379787e+25  5.35847138e+25  5.37190601e+25  5.89036413e+25  3.18105131e+15  2.88686855e+15  2.89440343e+15  3.22557309e+15  0.00189451482  0.0017193106  0.00172379809  0.00192103032 
d  3.7221729  0.333099018  -39349.3267  -35850.286  -35944.3657  -38774.819  -45605.7726  -44975.6365  -45084.0746  -46928.5574  4.09459818e+25  3.55900461e+25  3.56834859e+25  4.05074175e+25  4.74562918e+25  4.46491549e+25  4.47568599e+25  4.90254943e+25  2.65206821e+15  2.40717603e+15  2.41321037e+15  2.68598735e+15  0.00158159413  0.00143554961  0.00143914827  0.00160182224 
d  3.72716642  0.332652744  -39687.7813  -36182.3407  -36273.3912  -39073.1161  -45973.4258  -45324.5067  -45429.6865  -47241.2005  3.41355027e+25  2.96898606e+25  2.97646091e+25  3.37394747e+25  3.95417921e+25  3.71915763e+25  3.72779278e+25  4.07925819e+25  2.21031884e+15  2.00644311e+15  2.01127611e+15  2.2359617e+15  0.00131991974  0.00119817277  0.00120105886  0.00133523269 
d  3.73215995  0.332207664  -40015.2114  -36502.7856  -36590.9088  -39360.5934  -46330.9718  -45662.301  -45764.3223  -47543.6832  2.8447809e+25  2.47577854e+25  2.48175844e+25  2.80928711e+25  3.29378401e+25  3.09701693e+25  3.10394021e+25  3.3933395e+25  1.84156947e+15  1.67183864e+15  1.67570959e+15  1.86078798e+15  0.00110118977  0.00099969707  0.00100201176  0.00111268172 
d  3.73715347  0.331763774  -40332.0076  -36812.2172  -36897.5092  -39637.8451  -46678.6758  -45989.5519  -46088.5096  -47836.5366  2.36998967e+25  2.06371975e+25  2.06850378e+25  2.3383926e+25  2.74293263e+25  2.57820782e+25  2.58375859e+25  2.82206571e+25  1.53387669e+15  1.39257827e+15  1.39567871e+15  1.54813749e+15  0.000918428165  0.000833823941  0.000835680368  0.000926967001 
d  3.742147  0.331321068  -40638.54  -37111.1791  -37193.7319  -39905.4186  -47016.7909  -46306.7403  -46402.7263  -48120.2454  1.97381416e+25  1.7196303e+25  1.72345765e+25  1.9458565e+25  2.28360585e+25  2.1457274e+25  2.15017772e+25  2.34642552e+25  1.277226e+15  1.15960731e+15  1.16209061e+15  1.2876846e+15  0.000765777158  0.000695257369  0.000696746264  0.000772047745 
d  3.74714052  0.330879542  -40935.1637  -37400.1711  -37480.0739  -40163.8205  -47345.5631  -46614.3063  -46707.4099  -48395.2547  1.64336813e+25  1.43243236e+25  1.43549438e+25  1.61876616e+25  1.90071768e+25  1.78533517e+25  1.78890321e+25  1.95052661e+25  1.06322574e+15  9.6533026e+14  9.6731928e+14  1.07078783e+15  0.000638321209  0.000579548402  0.000580742535  0.000642861207 
d  3.75213405  0.330439191  -41222.2214  -37679.657  -37756.997  -40413.5215  -47665.2343  -46912.6565  -47002.9657  -48661.9755  1.36784999e+25  1.1928237e+25  1.19527349e+25  1.34630837e+25  1.58164427e+25  1.48511246e+25  1.48797318e+25  1.62109172e+25  8.8484828e+14  8.03380848e+14  8.04973999e+14  8.90220026e+14  0.000531937942  0.000482962746  0.000483920489  0.000535167236 
d  3.75712757  0.330000011  -41500.0459  -37950.0699  -38024.9325  -40654.9603  -47976.0439  -47202.17  -47289.7716  -48920.7896  1.13821153e+25  9.92999991e+24  9.94960043e+24  1.11943457e+25  1.31582714e+25  1.23509007e+25  1.23738374e+25  1.34703423e+25  7.36211601e+14  6.68427017e+14  6.69703135e+14  7.39940639e+14  0.000443172099  0.000402368292  0.000403136467  0.000445416842 
