v ATLAS
# This file was created by ATLAS version 5.26.1.R on Tue Apr 17 10:42:40 2018.
#SSF 2.0 generic
##############################################################################
#                    Copyright (c) 1984 - 2018                               #
#                    Silvaco Inc. All rights reserved                        #
#                                                                            #
# This file format and the following Key are copyright Silvaco Inc.          #
# You may not use, this format or key without reproducing this message in    #
# full and obtaining express written permission from Silvaco Inc.            #
#                                                                            #
# To obtain such permission please contact: Silvaco Inc.                     #
#                                           support@silvaco.com              #
#                                                                            #
# KEY=SVC86hn7562asdx                       PROD=345                         #
##############################################################################
o 1 Gain (TE) (led 1) (1/cm) 
o 2 Gain (TE) (led 2) (1/cm) 
o 3 Gain (TE) (led 3) (1/cm) 
o 4 Gain (TE) (led 4) (1/cm) 
o 5 Gain (TM) (led 1) (1/cm) 
o 6 Gain (TM) (led 2) (1/cm) 
o 7 Gain (TM) (led 3) (1/cm) 
o 8 Gain (TM) (led 4) (1/cm) 
o 9 Spontaneous emission (TE) (led 1) (1/(s cm3 eV)) 
o 10 Spontaneous emission (TE) (led 2) (1/(s cm3 eV)) 
o 11 Spontaneous emission (TE) (led 3) (1/(s cm3 eV)) 
o 12 Spontaneous emission (TE) (led 4) (1/(s cm3 eV)) 
o 13 Spontaneous emission (TM)  (led 1) (1/(s cm3 eV)) 
o 14 Spontaneous emission (TM)  (led 2) (1/(s cm3 eV)) 
o 15 Spontaneous emission (TM)  (led 3) (1/(s cm3 eV)) 
o 16 Spontaneous emission (TM)  (led 4) (1/(s cm3 eV)) 
o 17 Flux Spectral Density (led 1)  (1/(s cm eV)) 
o 18 Flux Spectral Density (led 2)  (1/(s cm eV)) 
o 19 Flux Spectral Density (led 3)  (1/(s cm eV)) 
o 20 Flux Spectral Density (led 4)  (1/(s cm eV)) 
o 21 Power Spectral Density (led 1)  (W/(cm ev)) 
o 22 Power Spectral Density (led 2)  (W/(cm ev)) 
o 23 Power Spectral Density (led 3)  (W/(cm ev)) 
o 24 Power Spectral Density (led 4)  (W/(cm ev)) 
p 26  210  309  3000  3001  3002  3003  3004  3005  3006  3007  3008  3009  3010  3011  3012  3013  3014  3015  3016  3017  3018  3019  3020  3021  3022  3023 
d  3.26276868  0.380000013  0  0  0  0  0  0  0  0  0  0  0  0  0  0  0  0  0  0  0  0  0  0  0  0 
d  3.2677622  0.379419328  0  0  0  0  0  0  0  0  0  0  0  0  0  0  0  0  0  0  0  0  0  0  0  0 
d  3.27275573  0.378840416  0  0  0  0  0  0  0  0  0  0  0  0  0  0  0  0  0  0  0  0  0  0  0  0 
d  3.27774925  0.378263267  0  0  0  0  0  0  0  0  0  0  0  0  0  0  0  0  0  0  0  0  0  0  0  0 
d  3.28274278  0.377687874  0  0  0  0  0  0  0  0  0  0  0  0  0  0  0  0  0  0  0  0  0  0  0  0 
d  3.2877363  0.377114229  0  0  0  0  0  0  0  0  0  0  0  0  0  0  0  0  0  0  0  0  0  0  0  0 
d  3.29272982  0.376542324  0  0  0  0  0  0  0  0  0  0  0  0  0  0  0  0  0  0  0  0  0  0  0  0 
d  3.29772335  0.375972151  0  0  0  0  0  0  0  0  0  0  0  0  0  0  0  0  0  0  0  0  0  0  0  0 
d  3.30271687  0.375403702  0  0  0  0  0  0  0  0  0  0  0  0  0  0  0  0  0  0  0  0  0  0  0  0 
d  3.3077104  0.374836969  0  0  0  0  0  0  0  0  0  0  0  0  0  0  0  0  0  0  0  0  0  0  0  0 
d  3.31270392  0.374271945  0  0  0  0  0  0  0  0  0  0  0  0  0  0  0  0  0  0  0  0  0  0  0  0 
d  3.31769744  0.373708622  0  0  0  0  0  0  0  0  0  0  0  0  0  0  0  0  0  0  0  0  0  0  0  0 
d  3.32269097  0.373146992  0  0  0  0  0  0  0  0  0  0  0  0  0  0  0  0  0  0  0  0  0  0  0  0 
d  3.32768449  0.372587047  0  0  0  0  0  0  0  0  0  0  0  0  0  0  0  0  0  0  0  0  0  0  0  0 
d  3.33267802  0.372028781  0  0  0  0  0  0  0  0  0  0  0  0  0  0  0  0  0  0  0  0  0  0  0  0 
d  3.33767154  0.371472185  0  0  0  0  0  0  0  0  0  0  0  0  0  0  0  0  0  0  0  0  0  0  0  0 
d  3.34266507  0.370917252  0  0  0  0  0  0  0  0  0  0  0  0  0  0  0  0  0  0  0  0  0  0  0  0 
d  3.34765859  0.370363974  0  0  0  0  0  0  0  0  0  0  0  0  0  0  0  0  0  0  0  0  0  0  0  0 
d  3.35265211  0.369812345  0  0  0  0  0  0  0  0  0  0  0  0  0  0  0  0  0  0  0  0  0  0  0  0 
d  3.35764564  0.369262356  0  0  0  0  0  0  0  0  0  0  0  0  0  0  0  0  0  0  0  0  0  0  0  0 
d  3.36263916  0.368714001  0  0  0  0  0  0  0  0  0  0  0  0  0  0  0  0  0  0  0  0  0  0  0  0 
d  3.36763269  0.368167272  0  0  0  0  0  0  0  0  0  0  0  0  0  0  0  0  0  0  0  0  0  0  0  0 
d  3.37262621  0.367622162  0  0  0  0  0  0  0  0  0  0  0  0  0  0  0  0  0  0  0  0  0  0  0  0 
d  3.37761973  0.367078664  0  0  0  0  0  0  0  0  0  0  0  0  0  0  0  0  0  0  0  0  0  0  0  0 
d  3.38261326  0.366536771  0  0  0  0  0  0  0  0  0  0  0  0  0  0  0  0  0  0  0  0  0  0  0  0 
d  3.38760678  0.365996475  0  0  0  0  0  0  0  0  0  0  0  0  0  0  0  0  0  0  0  0  0  0  0  0 
d  3.39260031  0.365457769  0  0  0  0  0  0  0  0  0  0  0  0  0  0  0  0  0  0  0  0  0  0  0  0 
d  3.39759383  0.364920647  0  0  0  0  0  0  0  0  0  0  0  0  0  0  0  0  0  0  0  0  0  0  0  0 
d  3.40258736  0.364385102  0  0  0  0  0  0  0  0  0  0  0  0  0  0  0  0  0  0  0  0  0  0  0  0 
d  3.40758088  0.363851126  0  0  0  0  0  0  0  0  0  0  0  0  0  0  0  0  0  0  0  0  0  0  0  0 
d  3.4125744  0.363318713  0  0  0  0  0  0  0  0  0  0  0  0  0  0  0  0  0  0  0  0  0  0  0  0 
d  3.41756793  0.362787856  -1.92380814e-07  -1.36175343e-07  -1.36175135e-07  -1.45692856e-07  0  0  0  0  3041.6145  2154.96192  2154.95874  2305.72263  0  0  0  0  9.12484351e-08  6.46488576e-08  6.46487623e-08  6.9171679e-08  4.99639072e-26  3.53990676e-26  3.53990154e-26  3.78755794e-26 
d  3.42256145  0.362258547  -4.14090919e-06  -2.95822339e-06  -2.95822727e-06  -3.15994612e-06  0  0  0  0  54127.6235  38703.7398  38703.7919  41425.1117  0  0  0  0  1.62382871e-06  1.16111219e-06  1.16111376e-06  1.24275335e-06  8.90441272e-25  6.36706455e-25  6.36707312e-25  6.81475128e-25 
d  3.42755498  0.361730781  -7.68650999e-05  -5.58438073e-05  -5.58438651e-05  -5.94946413e-05  0  0  0  0  830675.576  604054.293  604054.973  641881.047  0  0  0  0  2.49202673e-05  1.81216288e-05  1.81216492e-05  1.92564314e-05  1.36851934e-23  9.95165867e-24  9.95166987e-24  1.05748459e-23 
d  3.4325485  0.361204551  -0.00119713392  -0.000890597876  -0.000890598715  -0.000945439672  0  0  0  0  10696018.1  7964522.79  7964532  8444469.46  0  0  0  0  0.000320880543  0.000238935684  0.00023893596  0.000253334084  1.76471216e-22  1.31404884e-22  1.31405036e-22  1.39323418e-22 
d  3.43754202  0.360679849  -0.0152860269  -0.0117113589  -0.0117113705  -0.0123786027  0  0  0  0  112914398  86588597.8  86588711.2  90929675.2  0  0  0  0  0.00338743195  0.00259765794  0.00259766134  0.00272789025  1.86565961e-21  1.43068423e-21  1.4306861e-21  1.50241089e-21 
d  3.44253555  0.36015667  -0.157263927  -0.12462114  -0.124621281  -0.131072775  0  0  0  0  960411379  761760787  761761695  798352352  0  0  0  0  0.0288123414  0.0228528236  0.0228528509  0.0239505706  1.58917161e-20  1.26046884e-20  1.26047034e-20  1.3210161e-20 
d  3.44752907  0.359635006  -1.2891963  -1.05969705  -1.05969848  -1.10863083  0  0  0  0  6.50906909e+09  5.3552564e+09  5.35526366e+09  5.56379498e+09  0  0  0  0  0.195272073  0.160657692  0.16065791  0.16691385  1.07860365e-19  8.87407865e-20  8.87409068e-20  9.21964339e-20 
d  3.4525226  0.359114852  -8.37693748  -7.15393471  -7.1539463  -7.44282164  -1.2708912e-07  0  0  -6.99406619e-08  3.49667231e+10  2.98891347e+10  2.9889191e+10  3.11243557e+10  530.491013  0  0  287.576213  1.04900171  0.896674041  0.896675731  0.933730679  5.80265216e-19  4.96003726e-19  4.96004661e-19  5.16501956e-19 
d  3.45751612  0.358596199  -43.1240744  -38.2858026  -38.2858764  -39.6077233  -2.85659157e-06  -1.57635046e-06  -1.57632054e-06  -1.61478639e-06  1.48818683e+11  1.32243439e+11  1.32243674e+11  1.37255577e+11  9857.93205  5444.89062  5444.78536  5646.79865  4.46456079  3.96730335  3.9673104  4.11766747  2.47318593e-18  2.19772544e-18  2.19772934e-18  2.28102108e-18 
d  3.46250965  0.358079043  -176.413891  -162.795018  -162.795386  -167.470437  -5.62458866e-05  -3.19652208e-05  -3.19646541e-05  -3.28213449e-05  5.03311262e+11  4.64883027e+11  4.64884214e+11  4.77843709e+11  160470.289  91280.9788  91279.2979  97612.5777  15.0993427  13.9464936  13.9465292  14.3353142  8.37650487e-18  7.7369508e-18  7.73697055e-18  7.95265277e-18 
d  3.46750317  0.357563376  -576.747347  -552.737828  -552.73926  -565.472534  -0.000942491833  -0.000554909406  -0.000554900233  -0.000570377705  1.36036004e+12  1.30492683e+12  1.30493018e+12  1.34981775e+12  2223032.73  1310053.58  1310031.23  1311534.28  40.810868  39.1478441  39.1479446  40.4945717  2.26728707e-17  2.17489617e-17  2.17490176e-17  2.24971492e-17 
d  3.47249669  0.357049192  -1519.56649  -1509.80835  -1509.81275  -1536.34556  -0.0131015865  -0.00803190066  -0.00803177849  -0.00825554264  2.96312901e+12  2.94680491e+12  2.94681345e+12  2.97683424e+12  25547872.5  15676456.1  15676212.3  16144377.7  88.8946367  88.4046176  88.4048737  89.3055115  4.94573921e-17  4.91847653e-17  4.91849078e-17  4.96859863e-17 
d  3.47749022  0.356536485  -3266.53152  -3353.9508  -3353.96156  -3395.75452  -0.148037535  -0.0948611228  -0.0948598145  -0.0974121893  5.26597146e+12  5.41186613e+12  5.41188319e+12  5.43609473e+12  238651128  153065960  153063974  162011473  157.986303  162.360576  162.361088  163.087702  8.80236081e-17  9.04607767e-17  9.04610618e-17  9.08659023e-17 
d  3.48248374  0.356025249  -5836.51882  -6158.13083  -6158.15186  -6206.8401  -1.34037044  -0.900027924  -0.900016838  -0.922732737  7.77865557e+12  8.21482418e+12  8.21485429e+12  8.39582609e+12  1.78638677e+09  1.20061937e+09  1.20060462e+09  1.17464301e+09  233.413259  246.480744  246.481647  251.910022  1.30235215e-16  1.37526347e-16  1.3752685e-16  1.40555665e-16 
d  3.48747727  0.355515476  -8910.77907  -9575.80921  -9575.84241  -9616.14107  -9.64646646  -6.79607394  -6.79600042  -6.95263522  9.8180117e+12  1.05604412e+13  1.05604826e+13  1.06190106e+13  1.06286016e+10  7.49487985e+09  7.49479144e+09  7.52718549e+09  294.859209  317.038084  317.039322  318.796133  1.6475549e-16  1.77148154e-16  1.77148846e-16  1.78130482e-16 
d  3.49247079  0.355007161  -12072.7527  -13061.1207  -13061.1638  -13083.3141  -55.0318303  -40.6871561  -40.6867768  -41.5205593  1.09968831e+13  1.19080996e+13  1.19081362e+13  1.2102667e+13  5.01276406e+10  3.70953397e+10  3.70950037e+10  3.82294276e+10  331.410323  358.355849  358.356935  364.226892  1.85443932e-16  2.00521568e-16  2.00522176e-16  2.03806768e-16 
d  3.49746431  0.354500297  -15149.3488  -16331.7429  -16331.7906  -16339.6402  -249.196222  -193.244606  -193.243088  -196.663034  1.14080373e+13  1.23097211e+13  1.23097571e+13  1.21076324e+13  1.87654258e+11  1.45654216e+11  1.45653214e+11  1.5399513e+11  347.870748  373.661258  373.66231  367.848825  1.94932842e-16  2.09384812e-16  2.09385401e-16  2.06127757e-16 
d  3.50245784  0.353994879  -18205.6778  -19514.279  -19514.3284  -19516.8326  -899.457636  -730.812786  -730.80809  -741.593361  1.13338044e+13  1.21596221e+13  1.21596504e+13  1.19526565e+13  5.59950417e+11  4.55379742e+11  4.5537675e+11  4.38980714e+11  356.812643  378.450057  378.450814  371.749116  2.00228993e-16  2.12371045e-16  2.1237147e-16  2.08610744e-16 
d  3.50745136  0.3534909  -21205.8591  -22768.7769  -22768.8309  -22764.5403  -2605.16113  -2213.96765  -2213.95647  -2239.98142  1.09137715e+13  1.17289031e+13  1.17289295e+13  1.18284739e+13  1.34076781e+12  1.14048339e+12  1.14047753e+12  1.12763913e+12  367.636179  386.081594  386.082211  388.683389  2.06596859e-16  2.16962445e-16  2.16962792e-16  2.18424551e-16 
d  3.51244489  0.352988354  -23834.7079  -25886.1971  -25886.2629  -25860.6718  -6110.96835  -5420.87733  -5420.85701  -5468.54025  1.0140916e+13  1.10238758e+13  1.1023902e+13  1.09673352e+13  2.60002416e+12  2.30853062e+12  2.30852162e+12  2.34118294e+12  382.228204  399.972193  399.972709  399.255545  2.15102798e-16  2.25088409e-16  2.25088698e-16  2.24685107e-16 
d  3.51743841  0.352487235  -25756.0968  -28404.9639  -28405.0461  -28345.9999  -11748.6178  -10848.0696  -10848.0421  -10912.3524  9.05928678e+12  1.00001591e+13  1.00001881e+13  9.7461101e+12  4.1323846e+12  3.81913605e+12  3.81912229e+12  3.97291586e+12  395.750142  414.578856  414.579313  411.570779  2.23029029e-16  2.33640143e-16  2.336404e-16  2.3194491e-16 
d  3.52243193  0.351987537  -26890.2541  -30032.1621  -30032.2587  -29940.707  -18848.8721  -18038.0798  -18038.0539  -18097.8587  7.81904521e+12  8.74065798e+12  8.74068375e+12  8.91465552e+12  5.48080292e+12  5.24986132e+12  5.24985272e+12  5.60365899e+12  398.995444  419.715579  419.716094  435.549435  2.25177171e-16  2.36870792e-16  2.36871083e-16  2.45806791e-16 
d  3.52742546  0.351489253  -27430.8848  -30843.5327  -30843.6378  -30731.5777  -25851.8295  -25495.8325  -25495.8194  -25523.8376  6.59389074e+12  7.42103972e+12  7.42106851e+12  7.33988398e+12  6.21431429e+12  6.13436817e+12  6.13437665e+12  5.88121168e+12  384.246151  406.662237  406.663355  396.63287  2.17160675e-16  2.29829357e-16  2.29829989e-16  2.24161157e-16 
d  3.53241898  0.350992378  -27646.6604  -31135.0782  -31135.1856  -31015.7461  -31258.932  -31548.6619  -31548.6685  -31530.2066  5.49396618e+12  6.19287015e+12  6.1928902e+12  6.07969364e+12  6.21179964e+12  6.27513333e+12  6.27514971e+12  6.17822286e+12  351.172974  374.040105  374.041197  367.737495  1.98749987e-16  2.11691876e-16  2.11692495e-16  2.08124849e-16 
d  3.53741251  0.350496906  -27727.4619  -31183.7996  -31183.9059  -31065.2444  -34523.8344  -35386.1883  -35386.2131  -35327.491  4.55504905e+12  5.12755918e+12  5.12757511e+12  5.24392772e+12  5.6715526e+12  5.81855889e+12  5.81855731e+12  5.88712687e+12  306.798049  328.383542  328.383973  333.931638  1.73880994e-16  1.86114797e-16  1.86115041e-16  1.89259238e-16 
d  3.54240603  0.350002831  -27762.8092  -31147.3198  -31147.4234  -31032.775  -36060.308  -37276.6969  -37276.7335  -37196.0539  3.77037246e+12  4.23389651e+12  4.23391094e+12  4.25047098e+12  4.89722748e+12  5.06707087e+12  5.06707319e+12  5.27097677e+12  260.027998  279.029021  279.029524  285.643432  1.47581617e-16  1.58365847e-16  1.58366132e-16  1.62119925e-16 
d  3.54739956  0.349510147  -27783.2218  -31088.1819  -31088.2826  -30978.2857  -36616.5635  -37986.1444  -37986.1865  -37900.3359  3.11917422e+12  3.49342208e+12  3.49343644e+12  3.40891344e+12  4.11087819e+12  4.26855568e+12  4.26855537e+12  4.56695826e+12  216.901572  232.859333  232.859755  239.276151  1.23278295e-16  1.32348057e-16  1.32348296e-16  1.35995123e-16 
d  3.55239308  0.349018848  -27796.6452  -31024.5673  -31024.6652  -30919.0707  -36761.7356  -38169.8557  -38169.8994  -38088.0454  2.57978711e+12  2.88201295e+12  2.88202115e+12  2.90060601e+12  3.41183085e+12  3.54577124e+12  3.54577221e+12  3.34625495e+12  179.748539  192.833526  192.833801  187.405829  1.02305786e-16  1.09753245e-16  1.09753402e-16  1.06664014e-16 
d  3.5573866  0.348528928  -27804.8799  -30960.4402  -30960.5355  -30858.9106  -36776.3141  -38177.3255  -38177.3693  -38102.4685  2.13326717e+12  2.37755222e+12  2.37755772e+12  2.28421039e+12  2.82158038e+12  2.93176016e+12  2.9317695e+12  2.84634855e+12  148.645427  159.279371  159.279817  153.916768  8.47220449e-17  9.0782975e-17  9.07832287e-17  8.77265021e-17 
d  3.56238013  0.348040382  -27808.4798  -30896.4576  -30896.5504  -30798.4705  -36758.8446  -38139.7627  -38139.8061  -38071.8988  1.76373164e+12  1.96138413e+12  1.9613934e+12  1.92590061e+12  2.33140171e+12  2.42120719e+12  2.42121408e+12  2.41877587e+12  122.854  131.47774  131.478224  130.340294  7.01202369e-17  7.50423286e-17  7.50426051e-17  7.43931194e-17 
d  3.56737365  0.347553203  -27807.7941  -30832.7025  -30832.7929  -30737.8752  -36734.9651  -38093.4253  -38093.4681  -38031.742  1.45797851e+12  1.61806098e+12  1.61806388e+12  1.57543877e+12  1.92603517e+12  1.99909447e+12  1.9990929e+12  2.05431275e+12  101.52041  108.514664  108.514704  108.892546  5.8025084e-17  6.20227247e-17  6.20227476e-17  6.22387073e-17 
d  3.57236718  0.347067387  -27803.1314  -30769.1819  -30769.2702  -30677.1741  -36709.72  -38045.8499  -38045.8921  -37989.4506  1.20505236e+12  1.33483279e+12  1.33483657e+12  1.31662373e+12  1.59108462e+12  1.65051017e+12  1.65051163e+12  1.74515183e+12  83.8841092  89.5602888  89.5604462  91.8532667  4.80119782e-17  5.1260801e-17  5.12608911e-17  5.25732117e-17 
d  3.5773607  0.346582926  -27794.7796  -30705.8954  -30705.9818  -30616.405  -36683.8795  -37998.2311  -37998.2727  -37946.3181  9.95867054e+11  1.10118074e+12  1.10118206e+12  1.09504638e+12  1.31435714e+12  1.36269989e+12  1.36270192e+12  1.48250042e+12  69.3067258  73.9164189  73.9165193  77.3264042  3.97239043e-17  4.2366e-17  4.23660576e-17  4.43204702e-17 
d  3.58235422  0.346099817  -27783.0088  -30642.8419  -30642.9263  -30555.6006  -36657.547  -37950.7147  -37950.7557  -37902.6068  8.22889725e+11  9.08427167e+11  9.08430226e+11  8.77428124e+11  1.08573981e+12  1.12507386e+12  1.1250751e+12  1.0493868e+12  57.2588861  61.0050307  61.0051597  57.8044477  3.28643642e-17  3.50145048e-17  3.50145789e-17  3.31774952e-17 
d  3.58734775  0.345618052  -27768.072  -30580.02  -30580.1028  -30494.7897  -36630.7457  -37903.3142  -37903.3546  -37858.434  6.79877449e+11  7.49413279e+11  7.49414153e+11  7.19609207e+11  8.96872418e+11  9.28882551e+11  9.28881717e+11  8.91438255e+11  47.302496  50.3488749  50.3488761  48.3314239  2.71876298e-17  2.89385696e-17  2.89385703e-17  2.77790174e-17 
d  3.59234127  0.345137626  -28740.1915  -30834.7307  -30834.7512  -31067.9159  -37593.4765  -38173.3324  -38173.3115  -38447.8063  5.81695131e+11  6.24661358e+11  6.24661289e+11  6.53865517e+11  7.60883665e+11  7.73329461e+11  7.73330088e+11  7.70199289e+11  40.2773639  41.9397246  41.9397413  42.7219442  2.31820821e-17  2.41388722e-17  2.41388818e-17  2.45890873e-17 
d  3.5973348  0.344658535  -29947.2353  -31819.5335  -31819.6058  -31843.6175  -38793.4008  -39173.3297  -39173.3615  -39239.4139  5.0105072e+11  5.32865342e+11  5.32867824e+11  5.45729391e+11  6.49056957e+11  6.56015579e+11  6.56016132e+11  6.67751036e+11  34.5032303  35.6664276  35.6665187  36.4044128  1.98863202e-17  2.05567419e-17  2.05567944e-17  2.09820879e-17 
d  3.60232832  0.344180771  -30965.5881  -33331.0409  -33331.1057  -33446.6516  -39806.7108  -40699.9192  -40699.9443  -40858.0571  4.28274087e+11  4.6141324e+11  4.61412734e+11  4.46866733e+11  5.50552526e+11  5.63423196e+11  5.63423381e+11  5.89412145e+11  29.3647984  30.7450931  30.7450835  31.0883663  1.69482214e-17  1.77448739e-17  1.77448683e-17  1.79429979e-17 
d  3.60732185  0.343704331  -31707.5102  -34256.7885  -34256.8629  -34319.9952  -40545.4878  -41640.6374  -41640.6727  -41746.7487  3.62510381e+11  3.92015884e+11  3.92017224e+11  4.0614448e+11  4.63554537e+11  4.76512596e+11  4.76511727e+11  5.10522147e+11  24.7819475  26.0558544  26.0558685  27.4999988  1.43230048e-17  1.50592736e-17  1.50592817e-17  1.5893933e-17 
d  3.61231537  0.343229207  -32329.5419  -34958.9916  -34959.0697  -34999.291  -41166.1057  -42357.7002  -42357.7399  -42441.1608  3.05542786e+11  3.30696875e+11  3.30697536e+11  3.30434499e+11  3.89056136e+11  4.00685444e+11  4.00684746e+11  4.39607233e+11  20.8379677  21.9414696  21.9414684  23.101252  1.20602089e-17  1.26988731e-17  1.26988724e-17  1.33701102e-17 
d  3.61730889  0.342755395  -33075.186  -35545.7032  -35545.7832  -35572.2863  -41911.9131  -42959.1615  -42959.2036  -43029.0654  2.58396898e+11  2.77952652e+11  2.77952273e+11  2.95909264e+11  3.27433029e+11  3.3592282e+11  3.3592439e+11  3.10227278e+11  17.5748978  18.4162642  18.4162999  18.1840963  1.01857314e-17  1.06733547e-17  1.06733755e-17  1.05387992e-17 
d  3.62230242  0.34228289  -33722.4314  -36329.1719  -36329.2494  -36373.898  -42560.7558  -43757.2705  -43757.3107  -43845.3997  2.1777837e+11  2.34828104e+11  2.34828414e+11  2.28856272e+11  2.74855983e+11  2.82842584e+11  2.82843777e+11  2.67902483e+11  14.7790306  15.5301207  15.5301657  14.9027626  8.57717885e-18  9.01308254e-18  9.0131087e-18  8.64898816e-18 
d  3.62729594  0.341811686  -34281.1689  -36921.7892  -36921.8684  -36950.9312  -43122.392  -44364.4195  -44364.4618  -44436.9857  1.83004048e+11  1.97281573e+11  1.9728219e+11  1.80114315e+11  2.30201377e+11  2.37049251e+11  2.37049179e+11  2.30685834e+11  12.3961627  13.0299247  13.029941  12.3240044  7.20417198e-18  7.57249001e-18  7.5724995e-18  7.16223636e-18 
d  3.63228947  0.341341777  -34787.9585  -37437.5471  -37437.6268  -37457.7338  -43633.2592  -44894.6013  -44894.6444  -44958.185  1.53511736e+11  1.65355535e+11  1.65355923e+11  1.60219768e+11  1.92544134e+11  1.98292126e+11  1.98292489e+11  1.97295664e+11  10.3816761  10.9094298  10.9094524  10.7254629  6.04173593e-18  6.34886827e-18  6.3488814e-18  6.24180664e-18 
d  3.63728299  0.340873158  -35256.3384  -37902.9564  -37903.036  -37916.7552  -44106.782  -45374.3272  -45374.3706  -45431.4584  1.28604383e+11  1.38385427e+11  1.38386178e+11  1.42739984e+11  1.60888105e+11  1.65663744e+11  1.65664425e+11  1.68995805e+11  8.68477462  9.12147514  9.1215181  9.35207367  5.06115289e-18  5.31564516e-18  5.3156702e-18  5.45002913e-18 
d  3.64227651  0.340405824  -35693.9085  -38330.2887  -38330.3679  -38339.1394  -44550.4556  -45815.8698  -45815.9131  -45867.9595  1.07625939e+11  1.1568143e+11  1.15681607e+11  1.26081387e+11  1.34330614e+11  1.38273035e+11  1.38272878e+11  1.43719373e+11  7.2586966  7.61863396  7.61863455  8.09402279  4.23589679e-18  4.44594242e-18  4.44594277e-18  4.7233611e-18 
d  3.64727004  0.33993977  -36105.6622  -38727.0087  -38727.0873  -38731.8483  -44969.1768  -46226.6942  -46226.7371  -46274.6577  8.99913605e+10  9.66135779e+10  9.66140347e+10  9.62023363e+10  1.12083179e+11  1.15323297e+11  1.15323844e+11  1.23137785e+11  6.06223618  6.35810625  6.35813635  6.58020365  3.54253854e-18  3.71543367e-18  3.71545126e-18  3.84521888e-18 
d  3.65226356  0.339474991  -36495.1708  -39098.2275  -39098.3054  -39099.717  -45366.4276  -46611.9125  -46611.955  -46656.3947  7.51903194e+10  8.06273356e+10  8.06277592e+10  8.4942165e+10  9.3467604e+10  9.61218589e+10  9.61222367e+10  1.04834033e+11  5.0597377  5.30247584  5.30249988  5.69328593  2.96076492e-18  3.10280599e-18  3.10282006e-18  3.33149311e-18 
d  3.65725709  0.339011481  -36865.1313  -39447.6878  -39447.7649  -39446.3175  -45744.8226  -46975.2678  -46975.3097  -47016.7477  6.27829495e+10  6.72428625e+10  6.72428031e+10  5.89252612e+10  7.79054567e+10  8.00744391e+10  8.00745027e+10  8.92741784e+10  4.22065219  4.41951905  4.41951918  4.44598319  2.47314094e-18  2.58966932e-18  2.5896694e-18  2.6051763e-18 
d  3.66225061  0.338549234  -37217.66  -39778.2523  -39778.3285  -39774.3999  -46106.4027  -47319.6238  -47319.665  -47358.471  5.23929409e+10  5.60490326e+10  5.60489195e+10  5.21435658e+10  6.4906016e+10  6.66751048e+10  6.66750546e+10  6.08378162e+10  3.51896871  3.68172412  3.68171922  3.38944146  2.0647966e-18  2.16029527e-18  2.1602924e-18  1.98879496e-18 
d  3.66724414  0.338088247  -37554.4674  -40092.1813  -40092.2566  -40086.1454  -46452.8086  -47647.2413  -47647.2817  -47683.7494  4.37000052e+10  4.66958491e+10  4.66962022e+10  4.59673861e+10  5.40545005e+10  5.54953189e+10  5.54954762e+10  5.17879691e+10  2.93263517  3.06573504  3.06575035  2.93266066  1.72310473e-18  1.80130914e-18  1.80131814e-18  1.7231197e-18 
d  3.67223766  0.337628513  -37876.9682  -40391.302  -40391.3764  -40383.3241  -46785.3909  -47959.9482  -47959.9878  -47994.3561  3.64325565e+10  3.88866921e+10  3.88870099e+10  4.05276761e+10  4.50012627e+10  4.61733999e+10  4.61736229e+10  4.40777281e+10  2.44301458  2.55180276  2.55181898  2.53816213  1.43737687e-18  1.50138369e-18  1.50139324e-18  1.49335807e-18 
d  3.67723118  0.337170028  -38186.3544  -40677.1203  -40677.1938  -40667.3992  -47105.2828  -48259.2511  -48259.2899  -48291.7565  3.03609662e+10  3.23710137e+10  3.23712931e+10  3.5670151e+10  3.74521717e+10  3.84049035e+10  3.84050254e+10  3.74434019e+10  2.03439414  2.12327752  2.12328956  2.19340659  1.19858777e-18  1.25095448e-18  1.25096158e-18  1.29227187e-18 
d  3.68222471  0.336712786  -38483.647  -40950.8964  -40950.969  -40939.5984  -47413.4512  -48546.411  -48546.4489  -48577.1803  2.52915217e+10  2.69377217e+10  2.69376987e+10  2.39503114e+10  3.11602051e+10  3.19340924e+10  3.19342382e+10  3.16791895e+10  1.69355181  1.76615442  1.76615811  1.66888503  9.9913135e-19  1.04196414e-18  1.04196632e-18  9.84578886e-19 
d  3.68721823  0.336256783  -38769.7312  -41213.699  -41213.7707  -41200.9648  -47710.732  -48822.4971  -48822.5342  -48851.6726  2.10611112e+10  2.24093261e+10  2.24095799e+10  2.08884344e+10  2.59181841e+10  2.65464951e+10  2.6546512e+10  2.67909342e+10  1.40937886  1.46867464  1.46868276  1.43038106  8.32607671e-19  8.6763737e-19  8.67642168e-19  8.45014975e-19 
d  3.69221176  0.335802013  -39045.384  -41466.4444  -41466.5152  -41452.3947  -47997.8566  -49088.4263  -49088.4626  -49116.1307  1.7532601e+10  1.86368349e+10  1.86369981e+10  1.84454449e+10  2.15525417e+10  2.20624872e+10  2.20625509e+10  2.28694977e+10  1.17255428  1.22097966  1.22098647  1.23944828  6.93638786e-19  7.22285412e-19  7.22289439e-19  7.33210746e-19 
d  3.69720528  0.335348472  -39311.2937  -41709.9257  -41709.9957  -41694.6651  -48275.4717  -49344.9926  -49345.0281  -49371.3329  1.45908488e+10  1.54953485e+10  1.54952898e+10  1.59806603e+10  1.79180088e+10  1.83317962e+10  1.83318354e+10  1.92137694e+10  0.975265729  1.01481434  1.01481376  1.05583289  5.77710605e-19  6.01137709e-19  6.01137365e-19  6.25435551e-19 
d  3.7021988  0.334896154  -39568.0748  -41944.8356  -41944.9047  -41928.4552  -48544.1539  -49592.8892  -49592.9238  -49617.9596  1.21392855e+10  1.28802832e+10  1.28802241e+10  1.43108503e+10  1.48931013e+10  1.52288226e+10  1.52287844e+10  1.65900771e+10  0.810971604  0.843273175  0.843270254  0.927027823  4.81037791e-19  5.00197865e-19  5.00196133e-19  5.49877966e-19 
d  3.70719233  0.334445054  -39816.2803  -42171.7831  -42171.8514  -42154.3634  -48804.4216  -49832.7258  -49832.7596  -49856.6099  1.00969986e+10  1.07041525e+10  1.07041097e+10  1.23905539e+10  1.23762987e+10  1.2648673e+10  1.26486525e+10  1.39109026e+10  0.674198919  0.700584765  0.700582865  0.789043694  4.00448787e-19  4.16120986e-19  4.16119858e-19  4.68662261e-19 
d  3.71218585  0.333995169  -40056.4107  -42391.3076  -42391.3751  -42372.9198  -49056.7435  -50065.0424  -50065.0754  -50087.8147  8.39625216e+09  8.89383289e+09  8.89373514e+09  1.08999239e+10  1.02828182e+10  1.05038072e+10  1.05038153e+10  1.18213765e+10  0.560372111  0.581929202  0.581926514  0.681639013  3.33288276e-19  3.46109623e-19  3.46108025e-19  4.05413273e-19 
d  3.71717938  0.333546492  -40288.9216  -42603.8895  -42603.9563  -42584.5973  -49301.5463  -50290.32  -50290.3523  -50312.0476  6.98038446e+09  7.38825132e+09  7.38836807e+09  9.54160287e+09  8.54189525e+09  8.72121132e+09  8.72119466e+09  7.45773242e+09  0.465668391  0.483283879  0.483286882  0.509980059  2.77334623e-19  2.87825747e-19  2.87827535e-19  3.0372499e-19 
d  3.7221729  0.333099018  -40514.2296  -42809.9591  -42810.0252  -42789.8197  -49539.2203  -50508.9897  -50509.0212  -50529.733  5.80203007e+09  6.13643183e+09  6.13642939e+09  8.52968415e+09  7.09449615e+09  7.24002028e+09  7.2400238e+09  6.46716055e+09  0.386895787  0.401293563  0.401293595  0.449905341  2.30730154e-19  2.39316448e-19  2.39316468e-19  2.68306692e-19 
d  3.72716642  0.332652744  -40732.717  -43009.9036  -43009.9689  -42988.9687  -49770.124  -50721.4392  -50721.47  -50741.2531  4.82161909e+09  5.09585072e+09  5.09585679e+09  7.33515812e+09  5.89139634e+09  6.00952016e+09  6.00953742e+09  5.32288492e+09  0.321390463  0.333161126  0.333161826  0.379741291  1.91922363e-19  1.98951363e-19  1.98951781e-19  2.26767295e-19 
d  3.73215995  0.332207664  -40944.7363  -43204.073  -43204.1377  -43182.3894  -49994.588  -50928.0192  -50928.0493  -50946.9538  4.00611272e+09  4.23105322e+09  4.23099443e+09  3.8368576e+09  4.89156783e+09  4.98747327e+09  4.98747076e+09  4.56450843e+09  0.266930417  0.276555795  0.276553956  0.252040981  1.5961442e-19  1.65370037e-19  1.65368937e-19  1.50711094e-19 
d  3.73715347  0.331763774  -41150.6133  -43392.7851  -43392.8492  -43370.3957  -50212.9186  -51129.048  -51129.0775  -51147.1491  3.32793942e+09  3.51249193e+09  3.51245439e+09  3.19056199e+09  4.06082772e+09  4.13871496e+09  4.138713e+09  3.70273632e+09  0.221663014  0.229536207  0.229535022  0.206798949  1.32723547e-19  1.37437721e-19  1.37437012e-19  1.23823499e-19 
d  3.742147  0.331321068  -41350.65  -43576.3295  -43576.3929  -43553.2733  -50425.3998  -51324.8159  -51324.8448  -51342.1254  2.76410097e+09  2.91555285e+09  2.91559653e+09  2.86049379e+09  3.3707063e+09  3.4339793e+09  3.43400166e+09  3.20094329e+09  0.184044218  0.190485965  0.190487946  0.181843113  1.10346061e-19  1.14208292e-19  1.1420948e-19  1.0902636e-19 
d  3.74714052  0.330879542  -41545.1271  -43754.9708  -43755.0337  -43731.2837  -50632.2963  -51515.5882  -51515.6164  -51532.1448  2.29542216e+09  2.41973935e+09  2.41972398e+09  2.56427152e+09  2.79750004e+09  2.84891736e+09  2.84890519e+09  2.76895189e+09  0.152787666  0.158059701  0.158058875  0.159996702  9.17280348e-20  9.48931687e-20  9.48926727e-20  9.6056072e-20 
d  3.75213405  0.330439191  -41734.3059  -43928.9519  -43929.0143  -43904.6672  -50833.8548  -51701.6083  -51701.6359  -51717.4477  1.90592166e+09  2.00798934e+09  2.00800348e+09  781280030  2.32147973e+09  2.36327693e+09  2.36326883e+09  2.39685199e+09  0.126822042  0.131137988  0.131138169  0.0953439605  7.62407041e-20  7.88352909e-20  7.88353999e-20  5.73172501e-20 
d  3.75712757  0.330000011  -41918.4304  -44098.4963  -44098.5581  -44073.6445  -51030.3063  -51883.1003  -51883.1273  -51898.2555  1.58228495e+09  1.66610427e+09  1.66609845e+09  536051199  1.92622875e+09  1.96021774e+09  1.9602122e+09  1.90792028e+09  0.105255411  0.10878966  0.108789319  0.0733191443  6.33598567e-20  6.54873437e-20  6.54871384e-20  4.41354076e-20 
