v ATLAS
# This file was created by ATLAS version 5.26.1.R on Tue Apr 17 10:42:42 2018.
#SSF 2.0 generic
##############################################################################
#                    Copyright (c) 1984 - 2018                               #
#                    Silvaco Inc. All rights reserved                        #
#                                                                            #
# This file format and the following Key are copyright Silvaco Inc.          #
# You may not use, this format or key without reproducing this message in    #
# full and obtaining express written permission from Silvaco Inc.            #
#                                                                            #
# To obtain such permission please contact: Silvaco Inc.                     #
#                                           support@silvaco.com              #
#                                                                            #
# KEY=SVC86hn7562asdx                       PROD=345                         #
##############################################################################
o 1 Gain (TE) (led 1) (1/cm) 
o 2 Gain (TE) (led 2) (1/cm) 
o 3 Gain (TE) (led 3) (1/cm) 
o 4 Gain (TE) (led 4) (1/cm) 
o 5 Gain (TM) (led 1) (1/cm) 
o 6 Gain (TM) (led 2) (1/cm) 
o 7 Gain (TM) (led 3) (1/cm) 
o 8 Gain (TM) (led 4) (1/cm) 
o 9 Spontaneous emission (TE) (led 1) (1/(s cm3 eV)) 
o 10 Spontaneous emission (TE) (led 2) (1/(s cm3 eV)) 
o 11 Spontaneous emission (TE) (led 3) (1/(s cm3 eV)) 
o 12 Spontaneous emission (TE) (led 4) (1/(s cm3 eV)) 
o 13 Spontaneous emission (TM)  (led 1) (1/(s cm3 eV)) 
o 14 Spontaneous emission (TM)  (led 2) (1/(s cm3 eV)) 
o 15 Spontaneous emission (TM)  (led 3) (1/(s cm3 eV)) 
o 16 Spontaneous emission (TM)  (led 4) (1/(s cm3 eV)) 
o 17 Flux Spectral Density (led 1)  (1/(s cm eV)) 
o 18 Flux Spectral Density (led 2)  (1/(s cm eV)) 
o 19 Flux Spectral Density (led 3)  (1/(s cm eV)) 
o 20 Flux Spectral Density (led 4)  (1/(s cm eV)) 
o 21 Power Spectral Density (led 1)  (W/(cm ev)) 
o 22 Power Spectral Density (led 2)  (W/(cm ev)) 
o 23 Power Spectral Density (led 3)  (W/(cm ev)) 
o 24 Power Spectral Density (led 4)  (W/(cm ev)) 
p 26  210  309  3000  3001  3002  3003  3004  3005  3006  3007  3008  3009  3010  3011  3012  3013  3014  3015  3016  3017  3018  3019  3020  3021  3022  3023 
d  3.26276868  0.380000013  0  0  0  0  0  0  0  0  0  0  0  0  0  0  0  0  0  0  0  0  0  0  0  0 
d  3.2677622  0.379419328  0  0  0  0  0  0  0  0  0  0  0  0  0  0  0  0  0  0  0  0  0  0  0  0 
d  3.27275573  0.378840416  0  0  0  0  0  0  0  0  0  0  0  0  0  0  0  0  0  0  0  0  0  0  0  0 
d  3.27774925  0.378263267  0  0  0  0  0  0  0  0  0  0  0  0  0  0  0  0  0  0  0  0  0  0  0  0 
d  3.28274278  0.377687874  0  0  0  0  0  0  0  0  0  0  0  0  0  0  0  0  0  0  0  0  0  0  0  0 
d  3.2877363  0.377114229  0  0  0  0  0  0  0  0  0  0  0  0  0  0  0  0  0  0  0  0  0  0  0  0 
d  3.29272982  0.376542324  0  0  0  0  0  0  0  0  0  0  0  0  0  0  0  0  0  0  0  0  0  0  0  0 
d  3.29772335  0.375972151  0  0  0  0  0  0  0  0  0  0  0  0  0  0  0  0  0  0  0  0  0  0  0  0 
d  3.30271687  0.375403702  0  0  0  0  0  0  0  0  0  0  0  0  0  0  0  0  0  0  0  0  0  0  0  0 
d  3.3077104  0.374836969  0  0  0  0  0  0  0  0  0  0  0  0  0  0  0  0  0  0  0  0  0  0  0  0 
d  3.31270392  0.374271945  0  0  0  0  0  0  0  0  0  0  0  0  0  0  0  0  0  0  0  0  0  0  0  0 
d  3.31769744  0.373708622  0  0  0  0  0  0  0  0  0  0  0  0  0  0  0  0  0  0  0  0  0  0  0  0 
d  3.32269097  0.373146992  0  0  0  0  0  0  0  0  0  0  0  0  0  0  0  0  0  0  0  0  0  0  0  0 
d  3.32768449  0.372587047  0  0  0  0  0  0  0  0  0  0  0  0  0  0  0  0  0  0  0  0  0  0  0  0 
d  3.33267802  0.372028781  0  0  0  0  0  0  0  0  0  0  0  0  0  0  0  0  0  0  0  0  0  0  0  0 
d  3.33767154  0.371472185  0  0  0  0  0  0  0  0  0  0  0  0  0  0  0  0  0  0  0  0  0  0  0  0 
d  3.34266507  0.370917252  0  0  0  0  0  0  0  0  0  0  0  0  0  0  0  0  0  0  0  0  0  0  0  0 
d  3.34765859  0.370363974  0  0  0  0  0  0  0  0  0  0  0  0  0  0  0  0  0  0  0  0  0  0  0  0 
d  3.35265211  0.369812345  0  0  0  0  0  0  0  0  0  0  0  0  0  0  0  0  0  0  0  0  0  0  0  0 
d  3.35764564  0.369262356  0  0  0  0  0  0  0  0  0  0  0  0  0  0  0  0  0  0  0  0  0  0  0  0 
d  3.36263916  0.368714001  0  0  0  0  0  0  0  0  0  0  0  0  0  0  0  0  0  0  0  0  0  0  0  0 
d  3.36763269  0.368167272  0  0  0  0  0  0  0  0  0  0  0  0  0  0  0  0  0  0  0  0  0  0  0  0 
d  3.37262621  0.367622162  0  0  0  0  0  0  0  0  0  0  0  0  0  0  0  0  0  0  0  0  0  0  0  0 
d  3.37761973  0.367078664  0  0  0  0  0  0  0  0  0  0  0  0  0  0  0  0  0  0  0  0  0  0  0  0 
d  3.38261326  0.366536771  0  0  0  0  0  0  0  0  0  0  0  0  0  0  0  0  0  0  0  0  0  0  0  0 
d  3.38760678  0.365996475  0  0  0  0  0  0  0  0  0  0  0  0  0  0  0  0  0  0  0  0  0  0  0  0 
d  3.39260031  0.365457769  0  0  0  0  0  0  0  0  0  0  0  0  0  0  0  0  0  0  0  0  0  0  0  0 
d  3.39759383  0.364920647  0  0  0  0  0  0  0  0  0  0  0  0  0  0  0  0  0  0  0  0  0  0  0  0 
d  3.40258736  0.364385102  0  0  0  0  0  0  0  0  0  0  0  0  0  0  0  0  0  0  0  0  0  0  0  0 
d  3.40758088  0.363851126  0  0  0  0  0  0  0  0  0  0  0  0  0  0  0  0  0  0  0  0  0  0  0  0 
d  3.4125744  0.363318713  0  0  0  0  0  0  0  0  0  0  0  0  0  0  0  0  0  0  0  0  0  0  0  0 
d  3.41756793  0.362787856  -2.75759869e-08  -4.80697568e-07  -4.91725022e-07  -1.72884821e-07  0  0  0  0  1.08939805e+11  1.90891126e+12  1.95285052e+12  6.85917113e+11  0  0  0  0  3.26819415  57.2673379  58.5855157  20.5775134  1.78952931e-18  3.13572496e-17  3.20790298e-17  1.12674039e-17 
d  3.42256145  0.362258547  -6.44718192e-07  -9.86727804e-06  -1.00832757e-05  -3.77166279e-06  0  0  0  0  2.10574747e+12  3.23960467e+13  3.3107712e+13  1.23716739e+13  0  0  0  0  63.1724241  971.8814  993.23136  371.150218  3.46411746e-17  5.32940024e-16  5.4464747e-16  2.03523605e-16 
d  3.42755498  0.361730781  -1.32195797e-05  -0.000173812825  -0.000177398525  -7.09946022e-05  0  0  0  0  3.56971048e+13  4.71797304e+14  4.81566779e+14  1.92530671e+14  0  0  0  0  1070.91314  14153.9191  14447.0034  5775.92012  5.88101776e-16  7.77275451e-15  7.93370441e-15  3.17189951e-15 
d  3.4325485  0.361204551  -0.000230910795  -0.00255808341  -0.00260716982  -0.00112170272  0  0  0  0  5.15509566e+14  5.7407083e+15  5.85130826e+15  2.5149509e+15  0  0  0  0  15465.287  172221.249  175539.248  75448.527  8.50527732e-15  9.47146654e-14  9.65394294e-14  4.14936138e-14 
d  3.43754202  0.360679849  -0.00334825326  -0.030769139  -0.0313109436  -0.0145334207  0  0  0  0  6.17996618e+15  5.70875532e+16  5.80971889e+16  2.69398323e+16  0  0  0  0  185398.985  1712626.6  1742915.67  808194.97  1.02110213e-13  9.43245003e-13  9.5992699e-13  4.45120885e-13 
d  3.44253555  0.36015667  -0.0394714023  -0.297629991  -0.302373072  -0.151718103  0  0  0  0  6.02315207e+16  4.56537284e+17  4.63847852e+17  2.32508012e+17  0  0  0  0  1806945.62  13696118.5  13915435.6  6975240.36  9.96637741e-13  7.55422214e-12  7.6751885e-12  3.84725899e-12 
d  3.44752907  0.359635006  -0.372750195  -2.29250777  -2.32509866  -1.26167807  0  0  0  0  4.7025216e+17  2.90724762e+18  2.94880104e+18  1.59852973e+18  0  0  0  0  14107564.8  87217428.5  88464031.2  47955892  7.79244603e-12  4.81753665e-11  4.88639393e-11  2.64888877e-11 
d  3.4525226  0.359114852  -2.7958008  -14.0021313  -14.1769714  -8.31241048  0  -8.28869102e-08  -8.30377511e-08  0  2.91600974e+18  1.46803084e+19  1.4864742e+19  8.70700855e+18  0  8.69014419e+10  8.70661798e+10  0  87480292.3  440409254  445942261  261210257  4.8390551e-11  2.43616544e-10  2.46677179e-10  1.44490924e-10 
d  3.45751612  0.358596199  -16.6035942  -67.8337476  -68.5646655  -43.3600559  -1.03274354e-06  -1.89384237e-06  -1.89835821e-06  -8.14639338e-07  1.43170277e+19  5.87969573e+19  5.94350019e+19  3.7549126e+19  8.90519107e+11  1.64154529e+12  1.64558411e+12  7.05464845e+11  429510856  1.76390877e+09  1.78305011e+09  1.1264738e+09  2.37931626e-10  9.77134046e-10  9.87737571e-10  6.2402088e-10 
d  3.46250965  0.358079043  -78.160881  -261.563742  -263.94425  -179.588629  -2.13273674e-05  -3.8080816e-05  -3.81858283e-05  -1.76680579e-05  5.57193956e+19  1.87435902e+20  1.89156087e+20  1.28574556e+20  1.52038719e+13  2.72886144e+13  2.73659376e+13  1.26492568e+13  1.67158232e+09  5.62307788e+09  5.67468344e+09  3.85723705e+09  9.27326295e-10  3.11945627e-09  3.14808496e-09  2.13983917e-09 
d  3.46750317  0.357563376  -292.866631  -807.532505  -813.573419  -593.814478  -0.000378284449  -0.000654423903  -0.000656363829  -0.000326689958  1.7260415e+20  4.78409332e+20  4.82024662e+20  3.51472515e+20  2.22946075e+14  3.87702662e+14  3.88881379e+14  1.93364335e+14  5.17813119e+09  1.43522916e+10  1.44607515e+10  1.05441812e+10  2.87676064e-09  7.97355378e-09  8.03380975e-09  5.85792142e-09 
d  3.47249669  0.357049192  -879.284597  -2013.16234  -2025.10802  -1579.88513  -0.00561014154  -0.00936352541  -0.00939189232  -0.00501625756  4.28423611e+20  9.86009315e+20  9.91935176e+20  7.73087564e+20  2.73349165e+15  4.58607986e+15  4.60032169e+15  2.45461286e+15  1.28527903e+10  2.9580417e+10  2.97581933e+10  2.31927006e+10  7.1507744e-09  1.64573515e-08  1.65562591e-08  1.29034836e-08 
d  3.47749022  0.356536485  -2135.75492  -4102.47587  -4120.89438  -3420.48369  -0.0680375134  -0.10919761  -0.109522896  -0.0625972213  8.60312321e+20  1.66115076e+21  1.668735e+21  1.38373044e+21  2.74064737e+16  4.42156633e+16  4.4350734e+16  2.53232257e+16  2.58101918e+10  4.98358492e+10  5.00633806e+10  4.15126729e+10  1.43803998e-08  2.77665289e-08  2.78933002e-08  2.31291902e-08 
d  3.48248374  0.356025249  -4257.31853  -6959.16972  -6981.38046  -6126.95345  -0.663818435  -1.02227391  -1.02517481  -0.625008285  1.41775071e+21  2.32958974e+21  2.33720174e+21  2.04912077e+21  2.21061463e+17  3.42207319e+17  3.43204378e+17  2.09030062e+17  4.25391532e+10  6.98979584e+10  7.01263484e+10  6.14798939e+10  2.37351374e-08  3.90002509e-08  3.91276833e-08  3.43033093e-08 
d  3.48747727  0.355515476  -7116.48783  -10097.9296  -10119.1347  -9308.47255  -5.15828059  -7.61367711  -7.63369224  -4.94673832  1.95923558e+21  2.79454798e+21  2.8006284e+21  2.5737041e+21  1.42012283e+18  2.10704441e+18  2.11274343e+18  1.36772608e+18  5.88196709e+10  8.38996508e+10  8.40822342e+10  7.72521548e+10  3.28660709e-08  4.68797569e-08  4.69817771e-08  4.3165403e-08 
d  3.49247079  0.355007161  -10298.2401  -13033.3039  -13050.0378  -12434.7017  -31.7848553  -44.9558728  -45.0624831  -30.9211602  2.34390172e+21  2.98187334e+21  2.98592791e+21  2.8423071e+21  7.2343018e+18  1.02853981e+19  1.03105698e+19  7.06791652e+18  7.05340806e+10  8.97647621e+10  8.98871545e+10  8.54812504e+10  3.94680441e-08  5.02287626e-08  5.02972485e-08  4.78318811e-08 
d  3.49746431  0.354500297  -13456.3964  -15709.0946  -15721.3578  -15298.7051  -155.331265  -210.61589  -211.05406  -152.764359  2.53197152e+21  2.971252e+21  2.9737966e+21  2.89097253e+21  2.92273152e+19  3.98363431e+19  3.99222418e+19  2.88676434e+19  7.68359651e+10  9.03326504e+10  9.04115653e+10  8.75952051e+10  4.30557992e-08  5.06188014e-08  5.06630221e-08  4.90848466e-08 
d  3.50245784  0.353994879  -16586.8503  -18468.2254  -18478.019  -18135.6969  -604.067014  -785.910622  -787.299595  -598.840059  2.58015539e+21  2.88778854e+21  2.88953867e+21  2.83318823e+21  9.39652031e+19  1.22889105e+20  1.23115612e+20  9.35517734e+19  8.02236177e+10  9.03203295e+10  9.03796284e+10  8.78022e+10  4.50182876e-08  5.06841586e-08  5.07174348e-08  4.9271085e-08 
d  3.50745136  0.3534909  -19837.7479  -21557.1918  -21565.5207  -21217.8511  -1880.19827  -2350.21867  -2353.60811  -1874.28359  2.55108205e+21  2.78665069e+21  2.7879384e+21  2.74026587e+21  2.41788537e+20  3.0380759e+20  3.04268769e+20  2.42061995e+20  8.37861176e+10  9.27137484e+10  9.27662151e+10  8.94698359e+10  4.70844538e-08  5.2101426e-08  5.21309102e-08  5.02784766e-08 
d  3.51244489  0.352988354  -23098.7841  -24729.1322  -24734.8944  -24402.2529  -4723.43134  -5683.24764  -5689.6002  -4725.80824  2.4556674e+21  2.64269832e+21  2.64351422e+21  2.60537111e+21  5.02155279e+20  6.07344765e+20  6.08069668e+20  5.04563426e+20  8.87346803e+10  9.75012927e+10  9.75475166e+10  9.32980362e+10  4.99363413e-08  5.48698413e-08  5.48958544e-08  5.25044161e-08 
d  3.51743841  0.352487235  -25938.566  -27414.2267  -27415.8828  -27180.6015  -9685.25431  -11243.1034  -11252.1074  -9710.67063  2.27967532e+21  2.42192852e+21  2.4222582e+21  2.39908338e+21  8.51212638e+20  9.9327962e+20  9.9415035e+20  8.5710791e+20  9.39266387e+10  1.02456244e+11  1.02492257e+11  9.76857386e+10  5.29333153e-08  5.77402614e-08  5.77605565e-08  5.50517943e-08 
d  3.52243193  0.351987537  -27977.4486  -29214.0688  -29211.2905  -29137.4832  -16463.5448  -18502.674  -18512.1185  -16526.5616  2.03273142e+21  2.13364532e+21  2.13360393e+21  2.12609749e+21  1.19617644e+21  1.35134014e+21  1.35213228e+21  1.20590652e+21  9.68672357e+10  1.04549564e+11  1.04572086e+11  9.99601203e+10  5.4668018e-08  5.90036188e-08  5.90163294e-08  5.64135192e-08 
d  3.52742546  0.351489253  -29170.4878  -30144.9275  -30138.764  -30236.2076  -23716.5662  -25923.7676  -25930.5989  -23828.0009  1.75209922e+21  1.82006768e+21  1.81983331e+21  1.82390229e+21  1.42451431e+21  1.56520567e+21  1.56573665e+21  1.43734777e+21  9.52984059e+10  1.015582e+11  1.01567099e+11  9.78375018e+10  5.3858877e-08  5.73966644e-08  5.74016934e-08  5.52938732e-08 
d  3.53241898  0.350992378  -29758.0951  -30497.4566  -30489.3253  -30733.0245  -29795.9357  -31859.4826  -31861.9111  -29968.5791  1.47761573e+21  1.52222303e+21  1.52193238e+21  1.53257213e+21  1.47949467e+21  1.59020599e+21  1.5904476e+21  1.49445133e+21  8.87133122e+10  9.33728704e+10  9.33713995e+10  9.08107039e+10  5.02082191e-08  5.28453444e-08  5.28445119e-08  5.13952597e-08 
d  3.53741251  0.350496906  -30028.5927  -30570.1145  -30561.0088  -30921.3301  -33787.4135  -35567.6491  -35566.138  -34041.2178  1.23262506e+21  1.26139576e+21  1.26111551e+21  1.27471597e+21  1.38691857e+21  1.46760595e+21  1.4676547e+21  1.40333175e+21  7.85863089e+10  8.18700512e+10  8.18631063e+10  8.03414314e+10  4.45396101e-08  4.64007052e-08  4.63967691e-08  4.5534344e-08 
d  3.54240603  0.350002831  -30170.4872  -30541.3134  -30531.6976  -30987.2936  -35839.9056  -37366.8242  -37363.1768  -36195.7188  1.02380264e+21  1.04178936e+21  1.0415402e+21  1.05603135e+21  1.21618818e+21  1.27461315e+21  1.27458523e+21  1.23353187e+21  6.71997246e+10  6.94920755e+10  6.9483763e+10  6.86868965e+10  3.81399083e-08  3.9440956e-08  3.94362382e-08  3.89839683e-08 
d  3.54739956  0.349510147  -30267.4528  -30484.6031  -30474.6331  -31011.6812  -36666.045  -38030.4653  -38026.3652  -37134.2248  8.49074844e+20  8.59624794e+20  8.59408711e+20  8.73684551e+20  1.02857075e+21  1.07240795e+21  1.07237352e+21  1.04617348e+21  5.63293677e+10  5.79609824e+10  5.79534669e+10  5.75957411e+10  3.201539e-08  3.29427354e-08  3.29384638e-08  3.27351466e-08 
d  3.55239308  0.349018848  -30346.6634  -30422.1042  -30411.8204  -31020.3864  -36925.4388  -38197.36  -38193.7097  -37501.8919  7.037453e+20  7.09172841e+20  7.08986789e+20  7.22455345e+20  8.56308441e+20  8.9042264e+20  8.90404954e+20  8.73407633e+20  4.68016122e+10  4.79878644e+10  4.79817523e+10  4.78758893e+10  2.66376336e-08  2.73128017e-08  2.73093229e-08  2.72490698e-08 
d  3.5573866  0.348528928  -30415.0447  -30358.7995  -30348.2134  -31020.1334  -36987.4837  -38200.4337  -38197.4973  -37658.4027  5.830768e+20  5.85032756e+20  5.84873031e+20  5.97228064e+20  7.09074862e+20  7.36145875e+20  7.36145017e+20  7.25034114e+20  3.87645499e+10  3.96353589e+10  3.96305414e+10  3.96678654e+10  2.20942683e-08  2.25905952e-08  2.25878494e-08  2.26091226e-08 
d  3.56238013  0.348040382  -30474.3136  -30295.545  -30284.6636  -31012.7871  -36996.5248  -38162.3044  -38160.0507  -37744.9126  4.82950106e+20  4.82620082e+20  4.82483263e+20  4.935923e+20  5.8631265e+20  6.07940689e+20  6.0795081e+20  6.00739244e+20  3.20778827e+10  3.27168231e+10  3.27130222e+10  3.28299463e+10  1.83087952e-08  1.86734773e-08  1.86713079e-08  1.87380436e-08 
d  3.56737365  0.347553203  -30525.1795  -30232.4565  -30221.2876  -30999.2456  -36993.9334  -38116.2705  -38114.587  -37803.4912  3.99904126e+20  3.98134104e+20  3.98017151e+20  4.07857099e+20  4.84649945e+20  5.01956803e+20  5.01972634e+20  4.97380566e+20  2.65366221e+10  2.70027272e+10  2.69996936e+10  2.715713e+10  1.51672922e-08  1.54336996e-08  1.54319656e-08  1.55219501e-08 
d  3.57236718  0.347067387  -30568.1877  -30169.5489  -30158.1017  -30980.2072  -36988.6278  -38069.1407  -38067.9121  -37845.0657  3.31051052e+20  3.28437232e+20  3.28337469e+20  3.36952626e+20  4.00583909e+20  4.14435206e+20  4.14453205e+20  4.11617458e+20  2.19490488e+10  2.22861732e+10  2.22837202e+10  2.24571025e+10  1.25627757e-08  1.27557325e-08  1.27543285e-08  1.28535658e-08 
d  3.5773607  0.346582926  -30603.8441  -30106.8263  -30095.1106  -30956.2879  -36982.0911  -38021.9778  -38021.1032  -37873.2441  2.73985252e+20  2.70940837e+20  2.70855909e+20  2.78329557e+20  3.31087412e+20  3.42171786e+20  3.42189819e+20  3.4052026e+20  1.81521799e+10  1.83933787e+10  1.83913719e+10  1.85654945e+10  1.04041195e-08  1.05423652e-08  1.0541215e-08  1.06410153e-08 
d  3.58235422  0.346099817  -30632.6294  -30044.2913  -30032.3181  -30928.0395  -36974.534  -37974.9097  -37974.3043  -37890.1441  2.26704277e+20  2.23509347e+20  2.23437189e+20  2.29872529e+20  2.73639097e+20  2.82507821e+20  2.82524705e+20  2.81618343e+20  1.50103012e+10  1.5180515e+10  1.51788568e+10  1.53447262e+10  8.61532662e-09  8.7130227e-09  8.71207095e-09  8.80727348e-09 
d  3.58734775  0.345618052  -30655.0001  -29981.9465  -29969.727  -30895.9564  -36966.0013  -37927.9485  -37927.5413  -37897.4581  1.87542329e+20  1.8438097e+20  1.84319777e+20  1.89827388e+20  2.26152013e+20  2.33246762e+20  2.33261916e+20  2.3284521e+20  1.24108303e+10  1.2528832e+10  1.25274508e+10  1.26801779e+10  7.13326119e-09  7.20108397e-09  7.20029012e-09  7.28807172e-09 
d  3.59234127  0.345137626  -30671.3893  -29919.7941  -29907.3399  -30860.4815  -36956.5203  -37881.095  -37880.8267  -37896.6245  1.55114463e+20  1.52102283e+20  1.52050481e+20  1.56740342e+20  1.86900266e+20  1.92574889e+20  1.92588105e+20  1.92476902e+20  1.02604419e+10  1.03403152e+10  1.03391576e+10  1.04765173e+10  5.90551075e-09  5.95148271e-09  5.95081645e-09  6.02987537e-09 
d  3.5973348  0.344658535  -30682.2067  -29857.8358  -29845.1587  -30822.0107  -36946.1168  -37834.3491  -37834.1706  -37888.8739  1.2826986e+20  1.2547426e+20  1.25430481e+20  1.29407142e+20  1.54456727e+20  1.58994677e+20  1.59005964e+20  1.59077579e+20  8.48179763e+09  8.5340681e+09  8.53309334e+09  8.65454161e+09  4.88857832e-09  4.91870498e-09  4.91814317e-09  4.98814123e-09 
d  3.60232832  0.344180771  -30687.8392  -29796.0735  -29783.1852  -30780.8977  -36934.8161  -37787.7108  -37787.581  -37875.2574  1.0605273e+20  1.03507749e+20  1.0347081e+20  1.06830698e+20  1.27641377e+20  1.31269675e+20  1.31279162e+20  1.31452963e+20  7.0108232e+09  7.04332272e+09  7.04249917e+09  7.14850982e+09  4.04637492e-09  4.06513238e-09  4.06465706e-09  4.12584229e-09 
d  3.60732185  0.343704331  -30688.6516  -29734.5085  -29721.4209  -30737.4582  -36922.643  -37741.1799  -37741.0651  -37856.6723  8.76696329e+19  8.538674e+19  8.53556187e+19  8.81857834e+19  1.05478553e+20  1.08379001e+20  1.08386876e+20  1.08610812e+20  5.79444557e+09  5.81297222e+09  5.81227484e+09  5.90389786e+09  3.34896487e-09  3.35967255e-09  3.3592695e-09  3.41222405e-09 
d  3.61231537  0.343229207  -31352.9546  -29673.1422  -29659.8667  -31964.5433  -37577.5893  -37694.7562  -37694.6285  -39106.4528  7.40395946e+19  7.04380596e+19  7.04118765e+19  7.58076973e+19  8.87389885e+19  8.94797545e+19  8.94862257e+19  9.27455816e+19  4.88335749e+09  4.79753442e+09  4.79694307e+09  5.05659837e+09  2.82629825e-09  2.77662718e-09  2.77628493e-09  2.92656336e-09 
d  3.61730889  0.342755395  -32182.5816  -29611.9757  -29598.5236  -33409.6044  -38401.1896  -37648.4395  -37648.2761  -40572.4506  6.2823041e+19  5.81063702e+19  5.80843708e+19  6.54980923e+19  7.49622742e+19  7.38759948e+19  7.38812672e+19  7.95405444e+19  4.13355946e+09  3.95947095e+09  3.95896914e+09  4.3511591e+09  2.39565126e-09  2.29475629e-09  2.29446546e-09  2.5217636e-09 
d  3.62230242  0.34228289  -33374.5343  -30426.8474  -30421.6903  -34392.9008  -39590.1661  -38478.0673  -38486.3101  -41575.2553  5.38547671e+19  4.93542074e+19  4.9349578e+19  5.57361531e+19  6.38846121e+19  6.24137784e+19  6.2431875e+19  6.73756714e+19  3.53218137e+09  3.35303957e+09  3.35344359e+09  3.69335473e+09  2.04994172e-09  1.94597473e-09  1.94620921e-09  2.14348052e-09 
d  3.62729594  0.341811686  -34128.1832  -31436.4887  -31443.7319  -35123.2442  -40343.6287  -39502.3698  -39523.0986  -42323.9505  4.55230465e+19  4.21512508e+19  4.21641548e+19  4.70513423e+19  5.38137314e+19  5.2966294e+19  5.29981e+19  5.66974583e+19  2.98010334e+09  2.85352634e+09  2.85486764e+09  3.11246402e+09  1.73192119e-09  1.65835952e-09  1.65913903e-09  1.80884412e-09 
d  3.63228947  0.341341777  -34753.251  -32759.5981  -32757.4859  -35729.1912  -40971.0565  -40840.045  -40851.4816  -42947.3161  3.83196162e+19  3.63096921e+19  3.63100997e+19  3.95647244e+19  4.51754906e+19  4.52658013e+19  4.52819052e+19  4.75577157e+19  2.5048532e+09  2.4472648e+09  2.44776015e+09  2.6136732e+09  1.45772816e-09  1.42421392e-09  1.4245022e-09  1.52105721e-09 
d  3.63728299  0.340873158  -35414.6666  -33569.7248  -33566.6325  -36503.3047  -41637.1522  -41664.641  -41675.1414  -43738.0973  3.22786078e+19  3.07565562e+19  3.07560513e+19  3.34135845e+19  3.79500765e+19  3.81731121e+19  3.81856234e+19  4.00360084e+19  2.10686053e+09  2.06789005e+09  2.06825024e+09  2.20348779e+09  1.22779735e-09  1.20508685e-09  1.20529676e-09  1.284108e-09 
d  3.64227651  0.340405824  -36100.553  -34215.8368  -34212.2257  -37114.9922  -42329.828  -42325.1253  -42335.134  -44365.8499  2.71988021e+19  2.59132196e+19  2.59124465e+19  2.80830674e+19  3.18920493e+19  3.20547551e+19  3.20647625e+19  3.35694306e+19  1.77272554e+09  1.73903924e+09  1.73931627e+09  1.84957494e+09  1.0344946e-09  1.01483657e-09  1.01499823e-09  1.07934096e-09 
d  3.64727004  0.33993977  -36670.9574  -34897.3266  -34895.8053  -37642.9247  -42908.9354  -43020.8901  -43033.0009  -44909.3656  2.2838145e+19  2.18468599e+19  2.18475614e+19  2.35440506e+19  2.6723068e+19  2.69324744e+19  2.69420958e+19  2.80889009e+19  1.48683639e+09  1.46338003e+09  1.46368971e+09  1.54898854e+09  8.68850217e-10  8.55143217e-10  8.55324185e-10  9.05169553e-10 
d  3.65226356  0.339474991  -37187.786  -35580.668  -35577.4337  -38117.6451  -43436.1992  -43718.4086  -43728.8059  -45399.2842  1.91443192e+19  1.84124673e+19  1.84121874e+19  1.97071993e+19  2.23610102e+19  2.26236272e+19  2.26307208e+19  2.34718788e+19  1.24515988e+09  1.23108283e+09  1.23128725e+09  1.29537234e+09  7.28619923e-10  7.20382573e-10  7.20502188e-10  7.58002334e-10 
d  3.65725709  0.339011481  -37666.661  -36135.0423  -36131.2368  -38552.4585  -43927.0731  -44286.8618  -44296.6764  -45848.9888  1.60286198e+19  1.54570232e+19  1.54565655e+19  1.64759449e+19  1.86926671e+19  1.89440224e+19  1.89496552e+19  1.95942214e+19  1.04163861e+09  1.03203137e+09  1.03218662e+09  1.08210499e+09  6.10360431e-10  6.04730956e-10  6.04821928e-10  6.34072184e-10 
d  3.66225061  0.338549234  -38115.5032  -36626.5852  -36622.3203  -38955.3077  -44389.3223  -44792.3854  -44801.7192  -46266.4842  1.3407211e+19  1.29506482e+19  1.29501205e+19  1.37614016e+19  1.56140405e+19  1.58379609e+19  1.58424605e+19  1.63441571e+19  870637547  863658271  863777430  903166762  5.10856901e-10  5.06761729e-10  5.06831647e-10  5.29943804e-10 
d  3.66724414  0.338088247  -38539.2469  -37073.785  -37069.0951  -39331.5882  -44827.7372  -45253.4671  -45262.3463  -46657.2153  1.12056274e+19  1.08357299e+19  1.08351794e+19  1.14850711e+19  1.30340617e+19  1.32264441e+19  1.32300408e+19  1.36242001e+19  727190675  721865219  721956606  753278136  4.27269543e-10  4.24140508e-10  4.24194204e-10  4.42597542e-10 
d  3.67223766  0.337628513  -38941.3037  -37486.4783  -37481.3796  -39685.2359  -45245.5961  -45679.9437  -45688.3772  -47025.1566  9.3591843e+18  9.05650105e+18  9.05595481e+18  9.57890189e+18  1.0874363e+19  1.10359916e+19  1.10388647e+19  1.13505527e+19  607006420  602774779  602844586  627883638  3.57139492e-10  3.54649756e-10  3.54690827e-10  3.69422853e-10 
d  3.67723118  0.337170028  -39324.1906  -37870.9876  -37865.4907  -40019.2561  -45645.2934  -46078.1377  -46086.1296  -47373.3435  7.81232418e+18  7.56284818e+18  7.56232294e+18  7.98451835e+18  9.06810348e+18  9.20181865e+18  9.20411141e+18  9.4517831e+18  506412830  502940005  502993030  523089043  2.98359209e-10  2.96313152e-10  2.96344393e-10  3.081842e-10 
d  3.68222471  0.336712786  -39689.8522  -38231.7726  -38225.8869  -40336.0196  -46028.6604  -46452.5087  -46460.0629  -47704.1698  6.51765391e+18  6.31094703e+18  6.31045319e+18  6.65218163e+18  7.55857887e+18  7.66795003e+18  7.66977763e+18  7.86733058e+18  422286984  419366912  419406925  435585366  2.49133308e-10  2.47410577e-10  2.47434183e-10  2.5697885e-10 
d  3.68721823  0.336256783  -40039.8442  -38572.1606  -38565.8956  -40637.4423  -46397.1484  -46806.3841  -46813.5056  -48019.5688  5.43492987e+18  5.26300545e+18  5.262549e+18  5.53971192e+18  6.29785787e+18  6.38652984e+18  6.38798511e+18  6.54604622e+18  351983632  349486058  349516023  362572744  2.07938604e-10  2.06463132e-10  2.06480834e-10  2.1419425e-10 
d  3.69221176  0.335802013  -40375.4461  -38894.7313  -38888.0973  -40925.1031  -46751.9413  -47142.3438  -47149.0386  -48321.1322  4.53009239e+18  4.38670861e+18  4.38629246e+18  4.61146329e+18  5.24552998e+18  5.31690845e+18  5.31806611e+18  5.44485187e+18  293268671  291108512  291130757  301689455  1.73486659e-10  1.72208791e-10  1.7222195e-10  1.78468077e-10 
d  3.69720528  0.335348472  -40697.7353  -39201.5414  -39194.5495  -41200.323  -47094.0279  -47462.4445  -47468.7203  -48610.1904  3.77438796e+18  3.65458213e+18  3.65420694e+18  3.837392e+18  4.36759271e+18  4.42470871e+18  4.4256288e+18  4.52754588e+18  244259420  242378725  242395072  250948136  1.44690061e-10  1.43576008e-10  1.43585691e-10  1.48652204e-10 
d  3.7021988  0.334896154  -41007.6361  -39494.2673  -39486.9291  -41464.2224  -47424.2518  -47768.363  -47774.2284  -48887.8702  3.14359085e+18  3.04336211e+18  3.04302701e+18  3.1922291e+18  3.63548008e+18  3.68095007e+18  3.68168076e+18  3.76375757e+18  203372128  201729365  201741233  208679600  1.20632681e-10  1.19658257e-10  1.19665296e-10  1.23780874e-10 
d  3.70719233  0.334445054  -41305.9544  -39774.2991  -39766.6271  -41717.7616  -47743.3446  -48061.4895  -48066.9545  -49155.1359  2.61732316e+18  2.53341017e+18  2.53311326e+18  2.65475796e+18  3.02522393e+18  3.06125988e+18  3.06183976e+18  3.12804386e+18  169276413  167840102  167848591  173484055  1.00543819e-10  9.96907042e-11  9.96957465e-11  1.03043e-10 
d  3.71218585  0.333995169  -41593.4029  -40042.8068  -40034.8136  -41961.7719  -48051.9508  -48342.9944  -48348.0695  -49412.8213  2.17846692e+18  2.1081879e+18  2.10792664e+18  2.20718928e+18  2.5167353e+18  2.54517912e+18  2.54563902e+18  2.5991145e+18  140856067  139601010  139606970  144189113  8.37758958e-11  8.30294355e-11  8.30329801e-11  8.57582668e-11 
d  3.71717938  0.333546492  -41870.6188  -40300.7871  -40292.4857  -42196.9787  -48350.6453  -48613.8745  -48618.5711  -49661.6528  1.81265918e+18  1.75379404e+18  1.75356553e+18  1.8346253e+18  2.09319192e+18  2.11555976e+18  2.11592432e+18  2.15917175e+18  117175533  116080614  116084696  119813911  6.97853513e-11  6.91332586e-11  6.91356895e-11  7.13566705e-11 
d  3.7221729  0.333099018  -42138.1775  -40549.0979  -40540.5015  -42424.0196  -48639.9468  -48874.9883  -48879.318  -49902.2679  1.50786067e+18  1.45856218e+18  1.45836337e+18  1.52460218e+18  1.74051815e+18  1.75804675e+18  1.7583356e+18  1.79334974e+18  97451364.6  96498267.9  96500969  99538557.5  5.81163432e-11  5.75479521e-11  5.75495629e-11  5.93610669e-11 
d  3.72716642  0.332652744  -42396.6029  -40788.4848  -40779.6064  -42643.4589  -48920.3269  -49127.0815  -49131.0564  -50135.2304  1.25398878e+18  1.21271417e+18  1.21254199e+18  1.26670144e+18  1.44694473e+18  1.46063548e+18  1.46086425e+18  1.48924054e+18  81028005.5  80200489.4  80202187.2  82678259.5  4.83868942e-11  4.78927325e-11  4.78937463e-11  4.93723641e-11 
d  3.73215995  0.332207664  -42646.3754  -41019.6005  -41010.4533  -42855.799  -49192.2187  -49370.8074  -49374.4396  -50361.0412  1.04260616e+18  1.00806346e+18  1.00791497e+18  1.05222108e+18  1.20263703e+18  1.21329575e+18  1.21347688e+18  1.23649428e+18  67357295.7  66640776.5  66641755.6  68661460.8  4.02771473e-11  3.98486956e-11  3.9849281e-11  4.10569893e-11 
d  3.73715347  0.331763774  -42887.9378  -41243.0211  -41233.6179  -43061.4891  -49456.0218  -49606.7423  -49610.0442  -50580.1479  8.66657178e+17  8.37762529e+17  8.37634936e+17  8.73897433e+17  9.9938161e+17  1.00765339e+18  1.00779675e+18  1.02648242e+18  55981163.6  55362477.5  55362950.6  57011395.7  3.35194333e-11  3.31489871e-11  3.31492703e-11  3.41362978e-11 
d  3.742147  0.331321068  -43121.7004  -41459.2577  -41449.6113  -43260.9334  -49712.1072  -49835.3979  -49838.3816  -50792.9527  7.20245436e+17  6.9608848e+17  6.95979206e+17  7.25670987e+17  8.30322506e+17  8.36721357e+17  8.36834802e+17  8.52015195e+17  46517038.2  45984295.1  45984420.3  47330585.5  2.78898842e-11  2.75704712e-11  2.75705463e-11  2.83776568e-11 
d  3.74714052  0.330879542  -43348.0449  -41668.7669  -41658.8895  -43454.4966  -49960.8209  -50057.2311  -50059.9087  -50999.8184  5.98446136e+17  5.78261779e+17  5.78168474e+17  6.02489556e+17  6.89739533e+17  6.9467339e+17  6.94763144e+17  7.07104221e+17  38645570.1  38188055.1  38187948.5  39287813.3  2.32013636e-11  2.29266886e-11  2.29266247e-11  2.35869426e-11 
d  3.75213405  0.330439191  -43567.3276  -41871.9582  -41861.862  -43642.5096  -50202.4868  -50272.6521  -50275.0355  -51201.0735  4.97148172e+17  4.80293252e+17  4.80213797e+17  5.00142645e+17  5.72862188e+17  5.76653602e+17  5.76724602e+17  5.86763701e+17  32100310.8  31708405.6  31708152  32607190.4  1.92975153e-11  1.90619165e-11  1.9061764e-11  1.96022325e-11 
d  3.75712757  0.330000011  -43779.8817  -42069.2013  -42058.8978  -43825.2733  -50437.409  -50482.0306  -50484.1317  -51397.0171  4.12921356e+17  3.98855252e+17  3.98787754e+17  4.15122854e+17  4.75713559e+17  4.78616717e+17  4.78672874e+17  4.86844116e+17  26659047.5  26324159.1  26323818.9  27059009.1  1.60477586e-11  1.58461682e-11  1.58459634e-11  1.62885206e-11 
