Hole Conc vs Depth
363 2 2
Depth
Hole Conc
0 2.0326e+18
0.0499133 2.03268e+18
0.0751221 2.03277e+18
0.0878538 2.03727e+18
0.0942839 2.12695e+18
0.0975315 2.6939e+18
0.0991716 4.21521e+18
0.1 2.48171e+18
0.1 2.48171e+18
0.10089 2.50306e+18
0.102066 2.51804e+18
0.103617 2.52664e+18
0.105665 2.53046e+18
0.108369 2.5317e+18
0.111937 2.53199e+18
0.116648 2.53203e+18
0.122865 2.53205e+18
0.131072 2.53207e+18
0.141906 2.53209e+18
0.156206 2.53212e+18
0.175083 2.53215e+18
0.2 2.5322e+18
0.224917 2.53226e+18
0.243794 2.5323e+18
0.258094 2.53233e+18
0.268928 2.53236e+18
0.277135 2.5324e+18
0.283352 2.53264e+18
0.288063 2.53519e+18
0.291631 2.55302e+18
0.294335 2.63516e+18
0.296383 2.90615e+18
0.297934 3.61781e+18
0.29911 5.27119e+18
0.3 2.88241e+18
0.3 2.88241e+18
0.30108 2.9485e+18
0.302402 2.98531e+18
0.304023 3.00245e+18
0.306008 3.00892e+18
0.308439 3.01086e+18
0.311418 3.01131e+18
0.315066 3.0114e+18
0.319536 3.01142e+18
0.325011 3.01145e+18
0.331718 3.01147e+18
0.339935 3.0115e+18
0.35 3.01154e+18
0.360005 3.01158e+18
0.36809 3.01161e+18
0.374624 3.01164e+18
0.379903 3.01164e+18
0.384169 3.01148e+18
0.387617 3.01019e+18
0.390403 3.00316e+18
0.392654 2.97535e+18
0.394473 2.89253e+18
0.395943 2.7026e+18
0.397131 2.36253e+18
0.398091 1.88247e+18
0.398867 1.34166e+18
0.399493 8.46389e+17
0.4 4.62727e+18
0.4 4.62727e+18
0.4005 4.85895e+18
0.401 5.17152e+18
0.4015 5.62097e+18
0.402 6.30078e+18
0.4025 7.37954e+18
0.403 9.18473e+18
0.403 9.18473e+18
0.4035 8.97504e+17
0.404 7.41818e+17
0.4045 6.21474e+17
0.405 5.26528e+17
0.4055 4.50292e+17
0.406 3.88135e+17
0.4065 3.36775e+17
0.407 2.9383e+17
0.4075 2.57543e+17
0.408 2.26591e+17
0.4085 1.99967e+17
0.409 1.76891e+17
0.4095 1.56754e+17
0.41 1.54184e+18
0.41 1.54184e+18
0.4105 2.24489e+18
0.411 3.01105e+18
0.4115 3.84818e+18
0.412 4.82295e+18
0.4125 6.086e+18
0.413 7.93609e+18
0.413 7.93609e+18
0.4135 7.55859e+17
0.414 6.3493e+17
0.4145 5.39618e+17
0.415 4.63161e+17
0.4155 4.00882e+17
0.416 3.49464e+17
0.4165 3.06506e+17
0.417 2.70234e+17
0.4175 2.39315e+17
0.418 2.12733e+17
0.4185 1.89702e+17
0.419 1.69609e+17
0.4195 1.51966e+17
0.42 1.50975e+18
0.42 1.50975e+18
0.4205 2.20999e+18
0.421 2.97478e+18
0.4215 3.80974e+18
0.422 4.77883e+18
0.4225 6.02872e+18
0.423 7.85085e+18
0.423 7.85085e+18
0.4235 7.42289e+17
0.424 6.21044e+17
0.4245 5.25651e+17
0.425 4.49276e+17
0.4255 3.87197e+17
0.426 3.36066e+17
0.4265 2.9346e+17
0.427 2.57591e+17
0.4275 2.27115e+17
0.428 2.01007e+17
0.4285 1.78476e+17
0.429 1.58903e+17
0.4295 1.41796e+17
0.43 1.40502e+18
0.43 1.40502e+18
0.4305 2.02492e+18
0.431 2.65489e+18
0.4315 3.26829e+18
0.432 3.8733e+18
0.4325 4.51137e+18
0.433 5.26058e+18
0.433 5.26058e+18
0.433503 3.61302e+17
0.434011 2.46501e+17
0.434524 1.74152e+17
0.435042 1.27093e+17
0.435566 9.55728e+16
0.436095 7.38734e+16
0.436629 5.85499e+16
0.437169 4.74712e+16
0.437714 3.92865e+16
0.438265 3.31192e+16
0.438821 2.83877e+16
0.439384 2.46981e+16
0.439952 2.17782e+16
0.440525 1.94362e+16
0.441105 1.75348e+16
0.44169 1.59739e+16
0.442282 1.46795e+16
0.442879 1.3596e+16
0.443483 1.26814e+16
0.444093 1.19031e+16
0.444708 1.12357e+16
0.445331 1.06593e+16
0.445959 1.01582e+16
0.446594 9.71963e+15
0.447236 9.33327e+15
0.447884 8.99076e+15
0.448538 8.68522e+15
0.4492 8.41095e+15
0.449868 8.16321e+15
0.450543 7.93803e+15
0.451225 7.73208e+15
0.451913 7.54255e+15
0.452609 7.36706e+15
0.453312 7.20357e+15
0.454022 7.05036e+15
0.454739 6.90595e+15
0.455464 6.76907e+15
0.456196 6.63864e+15
0.456935 6.51373e+15
0.457682 6.39353e+15
0.458437 6.27736e+15
0.459199 6.16462e+15
0.459969 6.0548e+15
0.460747 5.94747e+15
0.461533 5.84225e+15
0.462327 5.73882e+15
0.463129 5.63689e+15
0.463939 5.53623e+15
0.464758 5.43663e+15
0.465585 5.33792e+15
0.46642 5.23995e+15
0.467264 5.1426e+15
0.468116 5.04575e+15
0.468977 4.94931e+15
0.469847 4.8532e+15
0.470726 4.75735e+15
0.471614 4.66171e+15
0.47251 4.56623e+15
0.473416 4.47087e+15
0.474331 4.37559e+15
0.475256 4.28035e+15
0.47619 4.18514e+15
0.477133 4.08993e+15
0.478087 3.99471e+15
0.479049 3.89944e+15
0.480022 3.80413e+15
0.481005 3.70875e+15
0.481997 3.61329e+15
0.483 3.51775e+15
0.484 3.42332e+15
0.485 3.32973e+15
0.486 3.23694e+15
0.487 3.14494e+15
0.488 3.05371e+15
0.489 2.96322e+15
0.49 2.87346e+15
0.491 2.78442e+15
0.492 2.69607e+15
0.493 2.60841e+15
0.494 2.52142e+15
0.495 2.4351e+15
0.496 2.34944e+15
0.497 2.26444e+15
0.498 2.18009e+15
0.499 2.0964e+15
0.5 2.01338e+15
0.501 1.93103e+15
0.502 1.84939e+15
0.503 1.76846e+15
0.504 1.68828e+15
0.505 1.60889e+15
0.506 1.53033e+15
0.507 1.45265e+15
0.508 1.37591e+15
0.509 1.3002e+15
0.51 1.22558e+15
0.511 1.15215e+15
0.512 1.08003e+15
0.513 1.00931e+15
0.514 9.40121e+14
0.515 8.72602e+14
0.516 8.06889e+14
0.517 7.43126e+14
0.518 6.81457e+14
0.519 6.22024e+14
0.52 5.64962e+14
0.521 5.10387e+14
0.522 4.58394e+14
0.523 4.09044e+14
0.524 3.62351e+14
0.525 3.18262e+14
0.526 2.76628e+14
0.527 2.37158e+14
0.528 1.99324e+14
0.529 1.62181e+14
0.53 1.23965e+14
0.531 8.11541e+13
0.532 2.61176e+13
0.533 7.65289e+13
0.533 7.65289e+13
0.534028 1.6993e+14
0.535129 3.28186e+14
0.536307 5.54768e+14
0.537569 8.40511e+14
0.53892 1.16564e+15
0.540367 1.50379e+15
0.541916 1.82749e+15
0.543574 2.11348e+15
0.54535 2.34634e+15
0.547251 2.51949e+15
0.549287 2.63406e+15
0.551466 2.69643e+15
0.5538 2.71559e+15
0.556299 2.70101e+15
0.558975 2.66127e+15
0.561839 2.60339e+15
0.564907 2.53269e+15
0.568191 2.45298e+15
0.571707 2.36686e+15
0.575472 2.27602e+15
0.579504 2.18158e+15
0.58382 2.08427e+15
0.588442 1.98465e+15
0.593391 1.88314e+15
0.598689 1.78014e+15
0.604362 1.67607e+15
0.610436 1.57137e+15
0.61694 1.46649e+15
0.623904 1.36194e+15
0.63136 1.25823e+15
0.639344 1.15592e+15
0.647892 1.05558e+15
0.657044 9.57768e+14
0.666844 8.63062e+14
0.677336 7.72011e+14
0.688571 6.85139e+14
0.7006 6.02929e+14
0.71348 5.25808e+14
0.72727 4.54135e+14
0.742036 3.88188e+14
0.757846 3.28157e+14
0.774773 2.74136e+14
0.792898 2.26117e+14
0.812305 1.8399e+14
0.833084 1.47548e+14
0.855332 1.16496e+14
0.879153 9.04595e+13
0.904659 6.90012e+13
0.931969 5.16392e+13
0.961209 3.78659e+13
0.992518 2.71675e+13
1.02604 1.90428e+13
1.06193 1.30195e+13
1.10036 8.66769e+12
1.14151 5.60879e+12
1.18557 3.52092e+12
1.23275 2.13984e+12
1.28326 1.25633e+12
1.33734 7.10945e+11
1.39524 3.8684e+11
1.45724 2.01878e+11
1.52363 1.00775e+11
1.59471 4.79857e+10
1.67082 2.17322e+10
1.7523 9.33302e+09
1.83955 3.78921e+09
1.93297 1.4509e+09
2.033 5.25838e+08
2.13297 1.91781e+08
2.22691 7.39787e+07
2.31517 3.01018e+07
2.3981 1.28863e+07
2.47601 5.78904e+06
2.54923 2.72246e+06
2.61802 1.33709e+06
2.68265 684242
2.74339 364042
2.80045 200942
2.85407 114840
2.90444 67823.4
2.95178 41317.3
2.99625 25917.4
3.03804 16712.1
3.07731 11060.3
3.1142 7501.3
3.14887 5206.1
3.18144 3692.21
3.21204 2672.19
3.2408 1970.91
3.26782 1479.42
3.2932 1128.57
3.31705 873.627
3.33947 685.132
3.36053 543.354
3.38031 434.861
3.3989 350.373
3.41637 283.384
3.43278 229.275
3.44821 184.725
3.4627 147.321
3.47631 115.294
3.4891 87.3342
3.50112 62.467
3.51242 39.9638
3.52303 19.2782
3.533 2.2438e-38
